-0.004 0
0.004 16
0.012 12
0.02 18
0.028 15
0.036 10
0.044 19
0.052 10
0.06 18
0.068 11
0.076 14
0.084 21
0.092 11
0.1 16
0.108 13
0.116 14
0.124 8
0.132 8
0.14 9
0.148 10
0.156 9
0.164 10
0.172 7
0.18 11
0.188 6
0.196 7
0.204 4
0.212 5
0.22 3
0.228 5
0.236 5
0.244 8
0.252 4
0.26 4
0.268 3
0.276 2
0.284 3
0.292 2
0.3 5
0.308 1
0.316 1
0.324 2
0.332 4
0.34 0
0.348 0
0.356 1
0.364 1
0.372 0
0.38 0
0.388 3
0.396 0
0.404 2
0.412 5
0.42 5
0.428 2
0.436 4
0.444 4
0.452 4
0.46 7
0.468 5
0.476 7
0.484 16
0.492 21
0.5 19
0.508 28
0.516 38
0.524 45
0.532 74
0.54 71
0.548 89
0.556 142
0.564 175
0.572 212
0.58 265
0.588 274
0.596 363
0.604 411
0.612 457
0.62 599
0.628 621
0.636 754
0.644 848
0.652 947
0.66 1036
0.668 1169
0.676 1268
0.684 1468
0.692 1487
0.7 1689
0.708 1789
0.716 1875
0.724 1974
0.732 2075
0.74 2187
0.748 2277
0.756 2259
0.764 2436
0.772 2456
0.78 2627
0.788 2615
0.796 2692
0.804 2713
0.812 2729
0.82 2893
0.828 2795
0.836 2832
0.844 2873
0.852 2852
0.86 2861
0.868 2926
0.876 2917
0.884 3021
0.892 2916
0.9 3029
0.908 2824
0.916 2868
0.924 2868
0.932 2791
0.94 2740
0.948 2683
0.956 2704
0.964 2499
0.972 2589
0.98 2482
0.988 2422
0.996 2353
1.004 2409
1.012 2243
1.02 2150
1.028 2177
1.036 2057
1.044 1960
1.052 1959
1.06 1940
1.068 1822
1.076 1758
1.084 1716
1.092 1703
1.1 1602
1.108 1556
1.116 1526
1.124 1375
1.132 1418
1.14 1345
1.148 1350
1.156 1335
1.164 1263
1.172 1182
1.18 1153
1.188 1090
1.196 1089
1.204 1045
1.212 1016
1.22 993
1.228 905
1.236 873
1.244 888
1.252 907
1.26 822
1.268 804
1.276 764
1.284 762
1.292 714
1.3 737
1.308 680
1.316 709
1.324 706
1.332 651
1.34 621
1.348 629
1.356 667
1.364 604
1.372 604
1.38 617
1.388 585
1.396 586
1.404 552
1.412 576
1.42 574
1.428 557
1.436 583
1.444 522
1.452 462
1.46 489
1.468 448
1.476 441
1.484 454
1.492 437
1.5 443
1.508 427
1.516 422
1.524 427
1.532 395
1.54 400
1.548 403
1.556 360
1.564 331
1.572 353
1.58 294
1.588 319
1.596 330
1.604 294
1.612 286
1.62 267
1.628 284
1.636 297
1.644 272
1.652 271
1.66 251
1.668 284
1.676 228
1.684 226
1.692 218
1.7 210
1.708 206
1.716 209
1.724 204
1.732 195
1.74 192
1.748 189
1.756 207
1.764 187
1.772 171
1.78 154
1.788 151
1.796 187
1.804 153
1.812 170
1.82 143
1.828 162
1.836 140
1.844 140
1.852 137
1.86 127
1.868 141
1.876 137
1.884 123
1.892 128
1.9 129
1.908 128
1.916 119
1.924 108
1.932 102
1.94 105
1.948 99
1.956 111
1.964 116
1.972 87
1.98 97
1.988 93
1.996 101
2.004 92
2.012 72
2.02 73
2.028 83
2.036 74
2.044 72
2.052 80
2.06 79
2.068 70
2.076 90
2.084 74
2.092 59
2.1 84
2.108 64
2.116 72
2.124 75
2.132 71
2.14 70
2.148 71
2.156 81
2.164 75
2.172 70
2.18 65
2.188 63
2.196 78
2.204 67
2.212 59
2.22 53
2.228 58
2.236 57
2.244 52
2.252 54
2.26 52
2.268 44
2.276 61
2.284 60
2.292 49
2.3 55
2.308 48
2.316 50
2.324 38
2.332 48
2.34 49
2.348 47
2.356 52
2.364 59
2.372 44
2.38 46
2.388 47
2.396 52
2.404 47
2.412 36
2.42 30
2.428 34
2.436 27
2.444 36
2.452 25
2.46 29
2.468 36
2.476 26
2.484 33
2.492 36
2.5 34
2.508 21
2.516 29
2.524 27
2.532 28
2.54 28
2.548 35
2.556 20
2.564 22
2.572 18
2.58 30
2.588 19
2.596 23
2.604 19
2.612 17
2.62 18
2.628 24
2.636 17
2.644 23
2.652 13
2.66 19
2.668 11
2.676 17
2.684 15
2.692 17
2.7 22
2.708 17
2.716 23
2.724 15
2.732 17
2.74 14
2.748 19
2.756 12
2.764 20
2.772 13
2.78 11
2.788 19
2.796 12
2.804 9
2.812 18
2.82 12
2.828 10
2.836 14
2.844 9
2.852 9
2.86 11
2.868 10
2.876 11
2.884 6
2.892 10
2.9 9
2.908 11
2.916 6
2.924 11
2.932 8
2.94 8
2.948 5
2.956 9
2.964 8
2.972 7
2.98 5
2.988 6
2.996 11
3.004 4
3.012 9
3.02 8
3.028 5
3.036 3
3.044 6
3.052 5
3.06 10
3.068 7
3.076 7
3.084 8
3.092 14
3.1 7
3.108 11
3.116 6
3.124 3
3.132 10
3.14 3
3.148 9
3.156 4
3.164 4
3.172 5
3.18 0
3.188 6
3.196 5
3.204 2
3.212 2
3.22 6
3.228 4
3.236 4
3.244 4
3.252 5
3.26 5
3.268 5
3.276 3
3.284 5
3.292 5
3.3 1
3.308 3
3.316 3
3.324 4
3.332 1
3.34 4
3.348 4
3.356 3
3.364 1
3.372 1
3.38 3
3.388 2
3.396 2
3.404 3
3.412 5
3.42 0
3.428 1
3.436 2
3.444 2
3.452 2
3.46 1
3.468 2
3.476 0
3.484 2
3.492 2
3.5 1
3.508 2
3.516 0
3.524 2
3.532 1
3.54 1
3.548 2
3.556 2
3.564 1
3.572 0
3.58 3
3.588 3
3.596 0
3.604 2
3.612 1
3.62 0
3.628 0
3.636 0
3.644 5
3.652 3
3.66 0
3.668 0
3.676 0
3.684 1
3.692 0
3.7 2
3.708 2
3.716 1
3.724 0
3.732 0
3.74 0
3.748 2
3.756 0
3.764 1
3.772 0
3.78 0
3.788 1
3.796 0
3.804 3
3.812 1
3.82 0
3.828 1
3.836 1
3.844 2
3.852 0
3.86 0
3.868 1
3.876 0
3.884 2
3.892 0
3.9 0
3.908 0
3.916 0
3.924 1
3.932 1
3.94 1
3.948 0
3.956 0
3.964 0
3.972 1
3.98 0
3.988 0
3.996 0
4.004 1
4.012 2
4.02 0
4.028 1
4.036 0
4.044 0
4.052 1
4.06 1
4.068 1
4.076 2
4.084 0
4.092 0
4.1 0
4.108 0
4.116 1
4.124 1
4.132 0
4.14 0
4.148 0
4.156 0
4.164 1
4.172 2
4.18 0
4.188 0
4.196 1
4.204 1
4.212 0
4.22 0
4.228 0
4.236 0
4.244 1
4.252 0
4.26 0
4.268 0
4.276 0
4.284 0
4.292 1
4.3 0
4.308 0
4.316 0
4.324 0
4.332 0
4.34 1
4.348 0
4.356 0
4.364 0
4.372 0
4.38 0
4.388 0
4.396 1
4.404 1
4.412 0
4.42 1
4.428 0
4.436 1
4.444 0
4.452 0
4.46 0
4.468 0
4.476 1
4.484 0
4.492 0
4.5 0
4.508 1
4.516 1
4.524 0
4.532 0
4.54 0
4.548 0
4.556 2
4.564 1
4.572 0
4.58 0
4.588 0
4.596 0
4.604 0
4.612 0
4.62 0
4.628 0
4.636 0
4.644 0
4.652 0
4.66 0
4.668 0
4.676 0
4.684 0
4.692 0
4.7 0
4.708 0
4.716 0
4.724 0
4.732 0
4.74 0
4.748 0
4.756 0
4.764 0
4.772 0
4.78 0
4.788 1
4.796 1
4.804 0
4.812 2
4.82 0
4.828 0
4.836 0
4.844 0
4.852 0
4.86 0
4.868 0
4.876 1
4.884 0
4.892 0
4.9 0
4.908 0
4.916 0
4.924 0
4.932 0
4.94 0
4.948 0
4.956 0
4.964 0
4.972 0
4.98 0
4.988 0
4.996 0
5.004 1
5.012 0
5.02 0
5.028 0
5.036 1
5.044 0
5.052 0
5.06 0
5.068 0
5.076 0
5.084 0
5.092 0
5.1 0
5.108 0
5.116 0
5.124 0
5.132 0
5.14 0
5.148 0
5.156 0
5.164 0
5.172 0
5.18 0
5.188 0
5.196 0
5.204 0
5.212 1
5.22 2
5.228 1
5.236 0
5.244 0
5.252 0
5.26 0
5.268 0
5.276 0
5.284 0
5.292 0
5.3 0
5.308 0
5.316 0
5.324 0
5.332 0
5.34 2
5.348 2
5.356 0
5.364 0
5.372 0
5.38 0
5.388 0
5.396 0
5.404 0
5.412 0
5.42 0
5.428 0
5.436 0
5.444 0
5.452 0
5.46 0
5.468 0
5.476 0
5.484 0
5.492 0
5.5 0
5.508 0
5.516 0
5.524 1
5.532 1
5.54 0
5.548 0
5.556 0
5.564 0
5.572 0
5.58 0
5.588 0
5.596 0
5.604 1
5.612 0
5.62 0
5.628 0
5.636 0
5.644 0
5.652 0
5.66 0
5.668 0
5.676 0
5.684 1
5.692 0
5.7 0
5.708 0
5.716 0
5.724 0
5.732 1
5.74 0
5.748 0
5.756 0
5.764 0
5.772 0
5.78 0
5.788 0
5.796 0
5.804 0
5.812 0
5.82 0
5.828 0
5.836 0
5.844 0
5.852 0
5.86 0
5.868 0
5.876 1
5.884 0
5.892 0
5.9 0
5.908 1
5.916 0
5.924 0
5.932 0
5.94 0
5.948 0
5.956 0
5.964 0
5.972 0
5.98 0
5.988 0
5.996 0
6.004 0
6.012 0
6.02 0
6.028 0
6.036 0
6.044 0
6.052 0
6.06 0
6.068 1
6.076 0
6.084 1
6.092 0
6.1 0
6.108 1
6.116 0
6.124 0
6.132 0
6.14 0
6.148 1
6.156 2
6.164 1
6.172 0
6.18 0
6.188 0
6.196 0
6.204 0
6.212 0
6.22 0
6.228 0
6.236 1
6.244 0
6.252 1
6.26 0
6.268 0
6.276 0
6.284 1
6.292 0
6.3 0
6.308 0
6.316 0
6.324 0
6.332 0
6.34 1
6.348 0
6.356 0
6.364 0
6.372 0
6.38 0
6.388 0
6.396 0
6.404 0
6.412 0
6.42 0
6.428 0
6.436 0
6.444 1
6.452 0
6.46 0
6.468 0
6.476 1
6.484 0
6.492 0
6.5 1
6.508 0
6.516 0
6.524 0
6.532 0
6.54 0
6.548 0
6.556 0
6.564 0
6.572 0
6.58 1
6.588 0
6.596 0
6.604 0
6.612 0
6.62 0
6.628 0
6.636 0
6.644 0
6.652 0
6.66 1
6.668 0
6.676 0
6.684 0
6.692 0
6.7 0
6.708 0
6.716 0
6.724 0
6.732 0
6.74 0
6.748 0
6.756 0
6.764 0
6.772 0
6.78 0
6.788 0
6.796 0
6.804 0
6.812 1
6.82 0
6.828 0
6.836 0
6.844 0
6.852 0
6.86 0
6.868 0
6.876 0
6.884 0
6.892 0
6.9 0
6.908 0
6.916 0
6.924 2
6.932 0
6.94 0
6.948 0
6.956 1
6.964 0
6.972 0
6.98 0
6.988 2
6.996 1
7.004 0
7.012 0
7.02 0
7.028 0
7.036 0
7.044 0
7.052 0
7.06 0
7.068 0
7.076 0
7.084 0
7.092 0
7.1 0
7.108 1
7.116 0
7.124 0
7.132 0
7.14 0
7.148 0
7.156 0
7.164 0
7.172 0
7.18 0
7.188 0
7.196 0
7.204 0
7.212 0
7.22 1
7.228 0
7.236 0
7.244 0
7.252 0
7.26 0
7.268 0
7.276 0
7.284 0
7.292 0
7.3 0
7.308 0
7.316 0
7.324 0
7.332 0
7.34 0
7.348 0
7.356 0
7.364 0
7.372 0
7.38 0
7.388 0
7.396 0
7.404 0
7.412 0
7.42 1
7.428 0
7.436 0
7.444 0
7.452 0
7.46 0
7.468 0
7.476 0
7.484 0
7.492 0
7.5 1
7.508 1
7.516 1
7.524 0
7.532 2
7.54 2
7.548 2
7.556 0
7.564 0
7.572 0
7.58 3
7.588 3
7.596 2
7.604 2
7.612 2
7.62 4
7.628 1
7.636 4
7.644 3
7.652 3
7.66 3
7.668 6
7.676 2
7.684 12
7.692 6
7.7 7
7.708 9
7.716 13
7.724 11
7.732 12
7.74 7
7.748 10
7.756 9
7.764 9
7.772 13
7.78 13
7.788 17
7.796 17
7.804 16
7.812 18
7.82 24
7.828 18
7.836 18
7.844 18
7.852 16
7.86 13
7.868 11
7.876 13
7.884 27
7.892 21
7.9 17
7.908 15
7.916 16
7.924 19
7.932 22
7.94 11
7.948 27
7.956 19
7.964 15
7.972 17
7.98 11
7.988 21
