-0.004 0
0.004 23
0.012 14
0.02 20
0.028 24
0.036 13
0.044 12
0.052 27
0.06 14
0.068 14
0.076 14
0.084 14
0.092 7
0.1 19
0.108 19
0.116 8
0.124 13
0.132 15
0.14 14
0.148 13
0.156 13
0.164 5
0.172 14
0.18 12
0.188 13
0.196 7
0.204 11
0.212 10
0.22 10
0.228 7
0.236 12
0.244 8
0.252 9
0.26 8
0.268 12
0.276 7
0.284 5
0.292 3
0.3 5
0.308 3
0.316 2
0.324 4
0.332 3
0.34 4
0.348 3
0.356 6
0.364 3
0.372 5
0.38 1
0.388 2
0.396 4
0.404 3
0.412 4
0.42 2
0.428 2
0.436 4
0.444 1
0.452 1
0.46 4
0.468 1
0.476 3
0.484 3
0.492 2
0.5 6
0.508 8
0.516 7
0.524 8
0.532 11
0.54 17
0.548 19
0.556 21
0.564 36
0.572 42
0.58 44
0.588 64
0.596 69
0.604 88
0.612 94
0.62 135
0.628 160
0.636 163
0.644 219
0.652 257
0.66 311
0.668 336
0.676 352
0.684 420
0.692 460
0.7 556
0.708 581
0.716 613
0.724 739
0.732 784
0.74 826
0.748 927
0.756 1029
0.764 1083
0.772 1161
0.78 1279
0.788 1380
0.796 1462
0.804 1518
0.812 1566
0.82 1707
0.828 1913
0.836 1997
0.844 2202
0.852 2378
0.86 2556
0.868 2600
0.876 2786
0.884 2861
0.892 2911
0.9 3148
0.908 3162
0.916 3203
0.924 3314
0.932 3250
0.94 3293
0.948 3367
0.956 3342
0.964 3503
0.972 3570
0.98 3467
0.988 3440
0.996 3431
1.004 3495
1.012 3489
1.02 3523
1.028 3524
1.036 3465
1.044 3495
1.052 3416
1.06 3308
1.068 3295
1.076 3175
1.084 3147
1.092 3077
1.1 3064
1.108 2912
1.116 2781
1.124 2786
1.132 2709
1.14 2630
1.148 2674
1.156 2523
1.164 2445
1.172 2322
1.18 2247
1.188 2247
1.196 2165
1.204 2070
1.212 2060
1.22 1909
1.228 1851
1.236 1794
1.244 1777
1.252 1701
1.26 1629
1.268 1604
1.276 1473
1.284 1473
1.292 1452
1.3 1435
1.308 1375
1.316 1318
1.324 1337
1.332 1309
1.34 1216
1.348 1196
1.356 1154
1.364 1158
1.372 1094
1.38 1078
1.388 1040
1.396 979
1.404 1023
1.412 1008
1.42 962
1.428 974
1.436 966
1.444 950
1.452 897
1.46 920
1.468 831
1.476 855
1.484 765
1.492 811
1.5 771
1.508 786
1.516 778
1.524 712
1.532 718
1.54 720
1.548 712
1.556 662
1.564 653
1.572 637
1.58 665
1.588 600
1.596 634
1.604 553
1.612 575
1.62 557
1.628 586
1.636 493
1.644 542
1.652 512
1.66 492
1.668 482
1.676 503
1.684 446
1.692 455
1.7 378
1.708 441
1.716 382
1.724 389
1.732 402
1.74 358
1.748 367
1.756 359
1.764 326
1.772 325
1.78 340
1.788 344
1.796 298
1.804 296
1.812 275
1.82 283
1.828 246
1.836 287
1.844 283
1.852 262
1.86 254
1.868 240
1.876 230
1.884 251
1.892 209
1.9 231
1.908 238
1.916 189
1.924 208
1.932 200
1.94 189
1.948 205
1.956 162
1.964 187
1.972 188
1.98 171
1.988 175
1.996 171
2.004 157
2.012 151
2.02 162
2.028 143
2.036 163
2.044 151
2.052 123
2.06 150
2.068 150
2.076 127
2.084 150
2.092 144
2.1 131
2.108 122
2.116 120
2.124 128
2.132 121
2.14 127
2.148 142
2.156 114
2.164 120
2.172 121
2.18 141
2.188 109
2.196 122
2.204 115
2.212 125
2.22 111
2.228 111
2.236 96
2.244 101
2.252 97
2.26 103
2.268 101
2.276 98
2.284 110
2.292 116
2.3 88
2.308 104
2.316 71
2.324 100
2.332 75
2.34 77
2.348 78
2.356 78
2.364 94
2.372 80
2.38 77
2.388 79
2.396 73
2.404 72
2.412 62
2.42 62
2.428 73
2.436 65
2.444 76
2.452 62
2.46 60
2.468 66
2.476 62
2.484 63
2.492 34
2.5 54
2.508 56
2.516 58
2.524 49
2.532 61
2.54 47
2.548 40
2.556 53
2.564 47
2.572 37
2.58 36
2.588 46
2.596 40
2.604 57
2.612 41
2.62 36
2.628 41
2.636 26
2.644 37
2.652 28
2.66 37
2.668 41
2.676 28
2.684 29
2.692 33
2.7 26
2.708 33
2.716 29
2.724 34
2.732 21
2.74 14
2.748 25
2.756 17
2.764 21
2.772 23
2.78 29
2.788 28
2.796 18
2.804 32
2.812 18
2.82 22
2.828 21
2.836 25
2.844 16
2.852 22
2.86 18
2.868 21
2.876 24
2.884 14
2.892 23
2.9 23
2.908 18
2.916 16
2.924 14
2.932 19
2.94 10
2.948 13
2.956 14
2.964 15
2.972 9
2.98 16
2.988 21
2.996 14
3.004 8
3.012 16
3.02 15
3.028 12
3.036 14
3.044 15
3.052 9
3.06 11
3.068 10
3.076 14
3.084 15
3.092 17
3.1 13
3.108 13
3.116 12
3.124 16
3.132 5
3.14 9
3.148 7
3.156 10
3.164 7
3.172 5
3.18 9
3.188 6
3.196 8
3.204 8
3.212 6
3.22 9
3.228 13
3.236 9
3.244 8
3.252 5
3.26 2
3.268 7
3.276 6
3.284 8
3.292 8
3.3 4
3.308 7
3.316 9
3.324 6
3.332 2
3.34 4
3.348 5
3.356 7
3.364 6
3.372 3
3.38 4
3.388 5
3.396 6
3.404 6
3.412 10
3.42 5
3.428 6
3.436 3
3.444 1
3.452 1
3.46 1
3.468 3
3.476 3
3.484 6
3.492 5
3.5 3
3.508 2
3.516 5
3.524 1
3.532 2
3.54 3
3.548 3
3.556 4
3.564 2
3.572 2
3.58 1
3.588 3
3.596 2
3.604 2
3.612 3
3.62 5
3.628 2
3.636 1
3.644 2
3.652 2
3.66 1
3.668 2
3.676 0
3.684 2
3.692 0
3.7 5
3.708 1
3.716 1
3.724 2
3.732 1
3.74 1
3.748 2
3.756 2
3.764 1
3.772 3
3.78 0
3.788 1
3.796 0
3.804 0
3.812 3
3.82 3
3.828 1
3.836 1
3.844 1
3.852 4
3.86 2
3.868 1
3.876 0
3.884 1
3.892 0
3.9 1
3.908 1
3.916 1
3.924 1
3.932 4
3.94 0
3.948 1
3.956 2
3.964 0
3.972 0
3.98 0
3.988 1
3.996 0
4.004 2
4.012 4
4.02 2
4.028 0
4.036 2
4.044 1
4.052 1
4.06 2
4.068 1
4.076 0
4.084 0
4.092 1
4.1 0
4.108 1
4.116 1
4.124 0
4.132 0
4.14 0
4.148 2
4.156 1
4.164 0
4.172 0
4.18 1
4.188 2
4.196 0
4.204 1
4.212 0
4.22 0
4.228 0
4.236 0
4.244 0
4.252 0
4.26 2
4.268 0
4.276 0
4.284 1
4.292 2
4.3 1
4.308 0
4.316 1
4.324 1
4.332 1
4.34 0
4.348 0
4.356 0
4.364 1
4.372 1
4.38 0
4.388 0
4.396 0
4.404 0
4.412 0
4.42 0
4.428 0
4.436 0
4.444 1
4.452 0
4.46 0
4.468 0
4.476 0
4.484 0
4.492 0
4.5 0
4.508 0
4.516 0
4.524 1
4.532 0
4.54 0
4.548 0
4.556 0
4.564 0
4.572 0
4.58 0
4.588 0
4.596 1
4.604 0
4.612 0
4.62 0
4.628 0
4.636 0
4.644 0
4.652 0
4.66 1
4.668 0
4.676 0
4.684 0
4.692 0
4.7 0
4.708 0
4.716 0
4.724 0
4.732 0
4.74 0
4.748 0
4.756 0
4.764 0
4.772 0
4.78 0
4.788 0
4.796 1
4.804 0
4.812 0
4.82 0
4.828 0
4.836 0
4.844 0
4.852 0
4.86 0
4.868 0
4.876 0
4.884 0
4.892 0
4.9 1
4.908 1
4.916 0
4.924 0
4.932 0
4.94 0
4.948 0
4.956 1
4.964 0
4.972 0
4.98 0
4.988 0
4.996 0
5.004 0
5.012 1
5.02 1
5.028 0
5.036 0
5.044 0
5.052 0
5.06 0
5.068 0
5.076 0
5.084 0
5.092 0
5.1 0
5.108 0
5.116 0
5.124 0
5.132 0
5.14 0
5.148 0
5.156 1
5.164 1
5.172 0
5.18 1
5.188 1
5.196 0
5.204 0
5.212 0
5.22 0
5.228 0
5.236 0
5.244 0
5.252 0
5.26 0
5.268 0
5.276 0
5.284 0
5.292 0
5.3 0
5.308 0
5.316 0
5.324 0
5.332 0
5.34 0
5.348 0
5.356 0
5.364 0
5.372 0
5.38 0
5.388 0
5.396 0
5.404 0
5.412 0
5.42 0
5.428 0
5.436 0
5.444 0
5.452 0
5.46 0
5.468 0
5.476 0
5.484 0
5.492 0
5.5 0
5.508 0
5.516 0
5.524 0
5.532 0
5.54 0
5.548 0
5.556 0
5.564 0
5.572 0
5.58 0
5.588 0
5.596 0
5.604 0
5.612 0
5.62 0
5.628 0
5.636 0
5.644 0
5.652 0
5.66 0
5.668 0
5.676 0
5.684 0
5.692 0
5.7 0
5.708 0
5.716 0
5.724 0
5.732 0
5.74 0
5.748 0
5.756 0
5.764 0
5.772 1
5.78 0
5.788 0
5.796 0
5.804 0
5.812 0
5.82 0
5.828 0
5.836 0
5.844 0
5.852 1
5.86 1
5.868 0
5.876 0
5.884 0
5.892 0
5.9 0
5.908 0
5.916 0
5.924 0
5.932 0
5.94 2
5.948 0
5.956 0
5.964 0
5.972 0
5.98 0
5.988 0
5.996 0
6.004 0
6.012 0
6.02 0
6.028 0
6.036 0
6.044 0
6.052 0
6.06 0
6.068 0
6.076 0
6.084 0
6.092 0
6.1 0
6.108 0
6.116 1
6.124 0
6.132 0
6.14 1
6.148 0
6.156 0
6.164 0
6.172 0
6.18 0
6.188 0
6.196 0
6.204 0
6.212 0
6.22 0
6.228 0
6.236 0
6.244 0
6.252 0
6.26 0
6.268 0
6.276 0
6.284 0
6.292 1
6.3 0
6.308 1
6.316 0
6.324 0
6.332 0
6.34 0
6.348 1
6.356 0
6.364 1
6.372 0
6.38 0
6.388 0
6.396 0
6.404 0
6.412 0
6.42 0
6.428 0
6.436 0
6.444 0
6.452 0
6.46 0
6.468 0
6.476 0
6.484 0
6.492 0
6.5 0
6.508 0
6.516 0
6.524 0
6.532 1
6.54 0
6.548 0
6.556 0
6.564 0
6.572 0
6.58 0
6.588 0
6.596 0
6.604 0
6.612 0
6.62 0
6.628 0
6.636 0
6.644 0
6.652 0
6.66 0
6.668 0
6.676 0
6.684 0
6.692 0
6.7 1
6.708 0
6.716 0
6.724 0
6.732 0
6.74 0
6.748 0
6.756 0
6.764 0
6.772 0
6.78 0
6.788 0
6.796 0
6.804 0
6.812 0
6.82 0
6.828 0
6.836 0
6.844 0
6.852 0
6.86 0
6.868 0
6.876 0
6.884 0
6.892 0
6.9 0
6.908 0
6.916 0
6.924 1
6.932 1
6.94 0
6.948 0
6.956 0
6.964 0
6.972 1
6.98 0
6.988 0
6.996 0
7.004 0
7.012 0
7.02 1
7.028 0
7.036 0
7.044 0
7.052 0
7.06 0
7.068 1
7.076 0
7.084 1
7.092 0
7.1 0
7.108 0
7.116 0
7.124 0
7.132 0
7.14 0
7.148 0
7.156 0
7.164 0
7.172 0
7.18 0
7.188 0
7.196 0
7.204 0
7.212 0
7.22 0
7.228 0
7.236 0
7.244 0
7.252 0
7.26 0
7.268 1
7.276 0
7.284 0
7.292 0
7.3 0
7.308 0
7.316 0
7.324 0
7.332 0
7.34 0
7.348 0
7.356 0
7.364 0
7.372 0
7.38 0
7.388 0
7.396 0
7.404 0
7.412 0
7.42 0
7.428 0
7.436 0
7.444 0
7.452 0
7.46 1
7.468 0
7.476 0
7.484 0
7.492 0
7.5 0
7.508 0
7.516 0
7.524 0
7.532 1
7.54 0
7.548 0
7.556 1
7.564 0
7.572 0
7.58 1
7.588 1
7.596 1
7.604 0
7.612 0
7.62 1
7.628 0
7.636 1
7.644 0
7.652 3
7.66 1
7.668 5
7.676 4
7.684 4
7.692 6
7.7 3
7.708 2
7.716 2
7.724 1
7.732 6
7.74 7
7.748 11
7.756 13
7.764 9
7.772 7
7.78 8
7.788 11
7.796 10
7.804 7
7.812 9
7.82 8
7.828 10
7.836 7
7.844 15
7.852 9
7.86 15
7.868 8
7.876 12
7.884 13
7.892 8
7.9 11
7.908 15
7.916 19
7.924 16
7.932 13
7.94 14
7.948 15
7.956 17
7.964 11
7.972 21
7.98 16
7.988 12
