-0.004 0
0.004 15
0.012 12
0.02 12
0.028 11
0.036 11
0.044 12
0.052 14
0.06 18
0.068 12
0.076 11
0.084 10
0.092 9
0.1 14
0.108 9
0.116 7
0.124 11
0.132 4
0.14 7
0.148 4
0.156 6
0.164 6
0.172 2
0.18 7
0.188 2
0.196 5
0.204 6
0.212 1
0.22 5
0.228 2
0.236 3
0.244 4
0.252 4
0.26 2
0.268 2
0.276 1
0.284 3
0.292 1
0.3 4
0.308 2
0.316 2
0.324 1
0.332 5
0.34 1
0.348 4
0.356 3
0.364 3
0.372 1
0.38 5
0.388 4
0.396 8
0.404 4
0.412 8
0.42 8
0.428 13
0.436 29
0.444 30
0.452 46
0.46 54
0.468 65
0.476 87
0.484 107
0.492 159
0.5 198
0.508 238
0.516 256
0.524 340
0.532 434
0.54 513
0.548 574
0.556 689
0.564 821
0.572 922
0.58 1007
0.588 1175
0.596 1344
0.604 1490
0.612 1625
0.62 1788
0.628 1837
0.636 1983
0.644 2275
0.652 2276
0.66 2406
0.668 2539
0.676 2687
0.684 2807
0.692 2829
0.7 3018
0.708 3066
0.716 2991
0.724 3220
0.732 3312
0.74 3292
0.748 3321
0.756 3409
0.764 3488
0.772 3550
0.78 3466
0.788 3407
0.796 3359
0.804 3418
0.812 3407
0.82 3333
0.828 3269
0.836 3330
0.844 3228
0.852 3062
0.86 3009
0.868 2959
0.876 3040
0.884 2977
0.892 2739
0.9 2722
0.908 2461
0.916 2454
0.924 2450
0.932 2394
0.94 2189
0.948 2091
0.956 2005
0.964 2009
0.972 1947
0.98 1805
0.988 1713
0.996 1561
1.004 1659
1.012 1656
1.02 1532
1.028 1487
1.036 1488
1.044 1426
1.052 1256
1.06 1281
1.068 1244
1.076 1145
1.084 1171
1.092 1136
1.1 1093
1.108 1038
1.116 1019
1.124 1063
1.132 1006
1.14 1022
1.148 929
1.156 1003
1.164 960
1.172 851
1.18 916
1.188 875
1.196 894
1.204 824
1.212 833
1.22 803
1.228 783
1.236 846
1.244 842
1.252 842
1.26 785
1.268 760
1.276 803
1.284 733
1.292 734
1.3 736
1.308 673
1.316 687
1.324 640
1.332 657
1.34 663
1.348 572
1.356 605
1.364 576
1.372 567
1.38 606
1.388 536
1.396 537
1.404 556
1.412 492
1.42 526
1.428 483
1.436 466
1.444 432
1.452 425
1.46 425
1.468 365
1.476 415
1.484 363
1.492 345
1.5 364
1.508 325
1.516 323
1.524 313
1.532 313
1.54 291
1.548 270
1.556 289
1.564 232
1.572 252
1.58 248
1.588 249
1.596 275
1.604 227
1.612 220
1.62 239
1.628 200
1.636 195
1.644 198
1.652 187
1.66 166
1.668 168
1.676 183
1.684 179
1.692 172
1.7 176
1.708 154
1.716 163
1.724 154
1.732 155
1.74 148
1.748 143
1.756 144
1.764 155
1.772 165
1.78 138
1.788 144
1.796 158
1.804 134
1.812 150
1.82 139
1.828 138
1.836 128
1.844 128
1.852 120
1.86 111
1.868 125
1.876 117
1.884 102
1.892 117
1.9 109
1.908 124
1.916 100
1.924 77
1.932 124
1.94 98
1.948 104
1.956 94
1.964 93
1.972 92
1.98 79
1.988 84
1.996 76
2.004 76
2.012 70
2.02 59
2.028 69
2.036 75
2.044 72
2.052 65
2.06 65
2.068 60
2.076 50
2.084 56
2.092 59
2.1 65
2.108 60
2.116 43
2.124 56
2.132 48
2.14 47
2.148 43
2.156 39
2.164 54
2.172 35
2.18 42
2.188 40
2.196 32
2.204 40
2.212 31
2.22 33
2.228 30
2.236 42
2.244 25
2.252 29
2.26 34
2.268 23
2.276 26
2.284 33
2.292 22
2.3 21
2.308 21
2.316 20
2.324 23
2.332 31
2.34 31
2.348 32
2.356 23
2.364 23
2.372 17
2.38 22
2.388 24
2.396 18
2.404 29
2.412 24
2.42 21
2.428 14
2.436 17
2.444 17
2.452 17
2.46 16
2.468 11
2.476 14
2.484 11
2.492 12
2.5 13
2.508 22
2.516 16
2.524 15
2.532 18
2.54 13
2.548 10
2.556 15
2.564 12
2.572 15
2.58 6
2.588 9
2.596 12
2.604 9
2.612 3
2.62 7
2.628 12
2.636 9
2.644 7
2.652 9
2.66 9
2.668 6
2.676 11
2.684 6
2.692 8
2.7 6
2.708 9
2.716 5
2.724 7
2.732 10
2.74 3
2.748 2
2.756 10
2.764 8
2.772 5
2.78 4
2.788 4
2.796 8
2.804 3
2.812 5
2.82 1
2.828 4
2.836 5
2.844 2
2.852 4
2.86 4
2.868 2
2.876 2
2.884 6
2.892 5
2.9 6
2.908 7
2.916 3
2.924 2
2.932 2
2.94 7
2.948 3
2.956 1
2.964 1
2.972 4
2.98 2
2.988 2
2.996 0
3.004 5
3.012 8
3.02 1
3.028 2
3.036 2
3.044 4
3.052 3
3.06 2
3.068 4
3.076 3
3.084 4
3.092 1
3.1 1
3.108 2
3.116 2
3.124 3
3.132 2
3.14 2
3.148 1
3.156 2
3.164 0
3.172 3
3.18 2
3.188 3
3.196 1
3.204 2
3.212 1
3.22 2
3.228 1
3.236 2
3.244 1
3.252 2
3.26 3
3.268 1
3.276 2
3.284 0
3.292 0
3.3 2
3.308 2
3.316 1
3.324 1
3.332 0
3.34 2
3.348 0
3.356 0
3.364 2
3.372 0
3.38 2
3.388 0
3.396 0
3.404 0
3.412 0
3.42 0
3.428 2
3.436 0
3.444 0
3.452 0
3.46 1
3.468 2
3.476 1
3.484 0
3.492 1
3.5 0
3.508 0
3.516 0
3.524 0
3.532 3
3.54 0
3.548 0
3.556 0
3.564 0
3.572 0
3.58 0
3.588 0
3.596 0
3.604 1
3.612 0
3.62 1
3.628 0
3.636 0
3.644 0
3.652 0
3.66 1
3.668 0
3.676 0
3.684 0
3.692 0
3.7 0
3.708 0
3.716 0
3.724 0
3.732 0
3.74 0
3.748 0
3.756 1
3.764 0
3.772 0
3.78 2
3.788 1
3.796 0
3.804 0
3.812 0
3.82 0
3.828 0
3.836 0
3.844 1
3.852 0
3.86 0
3.868 0
3.876 0
3.884 0
3.892 0
3.9 0
3.908 0
3.916 0
3.924 1
3.932 0
3.94 0
3.948 1
3.956 0
3.964 0
3.972 0
3.98 0
3.988 0
3.996 1
4.004 0
4.012 1
4.02 0
4.028 0
4.036 0
4.044 0
4.052 1
4.06 0
4.068 0
4.076 1
4.084 0
4.092 0
4.1 0
4.108 0
4.116 0
4.124 0
4.132 0
4.14 0
4.148 0
4.156 0
4.164 0
4.172 0
4.18 0
4.188 1
4.196 0
4.204 0
4.212 0
4.22 0
4.228 1
4.236 0
4.244 0
4.252 0
4.26 0
4.268 0
4.276 0
4.284 0
4.292 0
4.3 0
4.308 0
4.316 0
4.324 0
4.332 1
4.34 0
4.348 0
4.356 0
4.364 0
4.372 0
4.38 0
4.388 1
4.396 0
4.404 0
4.412 1
4.42 1
4.428 1
4.436 0
4.444 1
4.452 0
4.46 1
4.468 0
4.476 0
4.484 0
4.492 0
4.5 0
4.508 0
4.516 0
4.524 0
4.532 0
4.54 0
4.548 0
4.556 0
4.564 0
4.572 0
4.58 0
4.588 2
4.596 1
4.604 0
4.612 0
4.62 0
4.628 0
4.636 0
4.644 0
4.652 0
4.66 0
4.668 0
4.676 0
4.684 0
4.692 0
4.7 0
4.708 0
4.716 0
4.724 0
4.732 0
4.74 0
4.748 0
4.756 0
4.764 0
4.772 0
4.78 0
4.788 1
4.796 0
4.804 0
4.812 0
4.82 0
4.828 0
4.836 0
4.844 0
4.852 0
4.86 0
4.868 0
4.876 0
4.884 0
4.892 0
4.9 0
4.908 0
4.916 1
4.924 0
4.932 0
4.94 0
4.948 1
4.956 0
4.964 1
4.972 1
4.98 1
4.988 0
4.996 0
5.004 0
5.012 0
5.02 0
5.028 0
5.036 0
5.044 1
5.052 0
5.06 1
5.068 1
5.076 0
5.084 2
5.092 0
5.1 0
5.108 0
5.116 0
5.124 0
5.132 0
5.14 0
5.148 0
5.156 0
5.164 0
5.172 0
5.18 0
5.188 0
5.196 1
5.204 0
5.212 0
5.22 0
5.228 0
5.236 1
5.244 0
5.252 0
5.26 0
5.268 0
5.276 0
5.284 0
5.292 0
5.3 0
5.308 0
5.316 0
5.324 0
5.332 0
5.34 0
5.348 0
5.356 0
5.364 0
5.372 1
5.38 0
5.388 0
5.396 1
5.404 0
5.412 1
5.42 0
5.428 0
5.436 1
5.444 0
5.452 1
5.46 0
5.468 0
5.476 0
5.484 0
5.492 0
5.5 0
5.508 1
5.516 0
5.524 0
5.532 0
5.54 0
5.548 2
5.556 0
5.564 0
5.572 0
5.58 0
5.588 0
5.596 0
5.604 0
5.612 0
5.62 0
5.628 0
5.636 0
5.644 0
5.652 0
5.66 0
5.668 0
5.676 0
5.684 0
5.692 0
5.7 0
5.708 0
5.716 1
5.724 0
5.732 0
5.74 0
5.748 0
5.756 1
5.764 0
5.772 0
5.78 0
5.788 1
5.796 0
5.804 0
5.812 0
5.82 1
5.828 0
5.836 1
5.844 0
5.852 0
5.86 0
5.868 0
5.876 1
5.884 0
5.892 0
5.9 1
5.908 0
5.916 1
5.924 0
5.932 0
5.94 0
5.948 0
5.956 0
5.964 0
5.972 0
5.98 0
5.988 0
5.996 0
6.004 2
6.012 0
6.02 0
6.028 0
6.036 2
6.044 0
6.052 0
6.06 0
6.068 0
6.076 0
6.084 0
6.092 0
6.1 0
6.108 0
6.116 0
6.124 0
6.132 0
6.14 0
6.148 0
6.156 0
6.164 0
6.172 0
6.18 0
6.188 1
6.196 0
6.204 0
6.212 0
6.22 0
6.228 0
6.236 0
6.244 0
6.252 0
6.26 1
6.268 0
6.276 0
6.284 0
6.292 0
6.3 0
6.308 1
6.316 0
6.324 0
6.332 0
6.34 0
6.348 0
6.356 0
6.364 0
6.372 0
6.38 0
6.388 0
6.396 0
6.404 0
6.412 0
6.42 0
6.428 0
6.436 0
6.444 0
6.452 0
6.46 0
6.468 0
6.476 0
6.484 0
6.492 0
6.5 0
6.508 0
6.516 0
6.524 0
6.532 0
6.54 0
6.548 0
6.556 0
6.564 0
6.572 0
6.58 0
6.588 0
6.596 0
6.604 0
6.612 0
6.62 0
6.628 1
6.636 0
6.644 1
6.652 1
6.66 0
6.668 0
6.676 0
6.684 0
6.692 0
6.7 0
6.708 0
6.716 0
6.724 0
6.732 0
6.74 0
6.748 0
6.756 0
6.764 0
6.772 0
6.78 0
6.788 0
6.796 0
6.804 0
6.812 0
6.82 0
6.828 0
6.836 0
6.844 0
6.852 0
6.86 0
6.868 0
6.876 0
6.884 0
6.892 0
6.9 0
6.908 0
6.916 0
6.924 0
6.932 0
6.94 0
6.948 0
6.956 0
6.964 0
6.972 1
6.98 0
6.988 0
6.996 0
7.004 0
7.012 0
7.02 0
7.028 0
7.036 0
7.044 0
7.052 0
7.06 0
7.068 1
7.076 0
7.084 0
7.092 1
7.1 0
7.108 0
7.116 0
7.124 0
7.132 0
7.14 0
7.148 0
7.156 0
7.164 0
7.172 0
7.18 0
7.188 0
7.196 0
7.204 0
7.212 0
7.22 0
7.228 0
7.236 0
7.244 0
7.252 0
7.26 0
7.268 0
7.276 0
7.284 0
7.292 0
7.3 0
7.308 0
7.316 0
7.324 0
7.332 0
7.34 0
7.348 0
7.356 0
7.364 0
7.372 0
7.38 1
7.388 0
7.396 0
7.404 0
7.412 0
7.42 1
7.428 0
7.436 0
7.444 1
7.452 0
7.46 0
7.468 0
7.476 0
7.484 1
7.492 1
7.5 1
7.508 0
7.516 2
7.524 0
7.532 2
7.54 2
7.548 1
7.556 1
7.564 5
7.572 4
7.58 5
7.588 4
7.596 2
7.604 4
7.612 7
7.62 5
7.628 4
7.636 3
7.644 9
7.652 10
7.66 11
7.668 6
7.676 8
7.684 8
7.692 12
7.7 7
7.708 7
7.716 15
7.724 11
7.732 12
7.74 20
7.748 14
7.756 10
7.764 13
7.772 22
7.78 16
7.788 24
7.796 9
7.804 11
7.812 17
7.82 21
7.828 15
7.836 16
7.844 13
7.852 24
7.86 16
7.868 15
7.876 11
7.884 13
7.892 12
7.9 25
7.908 13
7.916 16
7.924 22
7.932 11
7.94 19
7.948 18
7.956 19
7.964 16
7.972 21
7.98 16
7.988 15
