-0.0004 0
0.0004 3
0.0012 1
0.002 3
0.0028 1
0.0036 2
0.0044 3
0.0052 4
0.006 2
0.0068 2
0.0076 2
0.0084 0
0.0092 2
0.01 0
0.0108 1
0.0116 2
0.0124 1
0.0132 0
0.014 2
0.0148 5
0.0156 1
0.0164 1
0.0172 0
0.018 0
0.0188 2
0.0196 5
0.0204 3
0.0212 4
0.022 2
0.0228 2
0.0236 1
0.0244 3
0.0252 1
0.026 2
0.0268 3
0.0276 4
0.0284 2
0.0292 3
0.03 3
0.0308 3
0.0316 0
0.0324 2
0.0332 0
0.034 2
0.0348 0
0.0356 1
0.0364 4
0.0372 1
0.038 0
0.0388 2
0.0396 1
0.0404 2
0.0412 0
0.042 1
0.0428 0
0.0436 1
0.0444 1
0.0452 1
0.046 1
0.0468 2
0.0476 3
0.0484 3
0.0492 2
0.05 2
0.0508 3
0.0516 3
0.0524 3
0.0532 3
0.054 2
0.0548 2
0.0556 4
0.0564 3
0.0572 1
0.058 1
0.0588 1
0.0596 2
0.0604 1
0.0612 1
0.062 1
0.0628 2
0.0636 1
0.0644 4
0.0652 0
0.066 0
0.0668 2
0.0676 2
0.0684 3
0.0692 0
0.07 1
0.0708 0
0.0716 2
0.0724 1
0.0732 2
0.074 4
0.0748 0
0.0756 1
0.0764 0
0.0772 2
0.078 2
0.0788 2
0.0796 0
0.0804 2
0.0812 2
0.082 1
0.0828 3
0.0836 1
0.0844 1
0.0852 0
0.086 1
0.0868 0
0.0876 3
0.0884 1
0.0892 0
0.09 1
0.0908 0
0.0916 1
0.0924 1
0.0932 3
0.094 0
0.0948 0
0.0956 0
0.0964 1
0.0972 1
0.098 1
0.0988 1
0.0996 0
0.1004 3
0.1012 3
0.102 3
0.1028 3
0.1036 3
0.1044 2
0.1052 1
0.106 4
0.1068 3
0.1076 2
0.1084 1
0.1092 2
0.11 2
0.1108 0
0.1116 2
0.1124 1
0.1132 0
0.114 2
0.1148 0
0.1156 0
0.1164 2
0.1172 1
0.118 0
0.1188 1
0.1196 1
0.1204 2
0.1212 1
0.122 2
0.1228 0
0.1236 4
0.1244 0
0.1252 2
0.126 0
0.1268 0
0.1276 2
0.1284 0
0.1292 0
0.13 3
0.1308 0
0.1316 2
0.1324 1
0.1332 2
0.134 2
0.1348 1
0.1356 4
0.1364 0
0.1372 3
0.138 1
0.1388 1
0.1396 2
0.1404 2
0.1412 0
0.142 0
0.1428 2
0.1436 3
0.1444 1
0.1452 3
0.146 3
0.1468 1
0.1476 1
0.1484 1
0.1492 1
0.15 0
0.1508 1
0.1516 1
0.1524 1
0.1532 1
0.154 1
0.1548 1
0.1556 3
0.1564 3
0.1572 2
0.158 1
0.1588 0
0.1596 0
0.1604 1
0.1612 2
0.162 0
0.1628 1
0.1636 0
0.1644 0
0.1652 1
0.166 0
0.1668 0
0.1676 0
0.1684 3
0.1692 1
0.17 2
0.1708 2
0.1716 1
0.1724 1
0.1732 1
0.174 1
0.1748 1
0.1756 1
0.1764 1
0.1772 0
0.178 1
0.1788 2
0.1796 1
0.1804 1
0.1812 1
0.182 2
0.1828 3
0.1836 0
0.1844 1
0.1852 1
0.186 1
0.1868 2
0.1876 1
0.1884 2
0.1892 2
0.19 0
0.1908 2
0.1916 1
0.1924 1
0.1932 1
0.194 0
0.1948 1
0.1956 0
0.1964 1
0.1972 1
0.198 1
0.1988 0
0.1996 1
0.2004 0
0.2012 1
0.202 2
0.2028 1
0.2036 0
0.2044 3
0.2052 1
0.206 0
0.2068 2
0.2076 1
0.2084 2
0.2092 1
0.21 0
0.2108 0
0.2116 0
0.2124 0
0.2132 1
0.214 1
0.2148 2
0.2156 3
0.2164 0
0.2172 0
0.218 2
0.2188 1
0.2196 3
0.2204 2
0.2212 0
0.222 1
0.2228 1
0.2236 0
0.2244 0
0.2252 0
0.226 0
0.2268 1
0.2276 2
0.2284 0
0.2292 3
0.23 0
0.2308 1
0.2316 0
0.2324 0
0.2332 0
0.234 3
0.2348 1
0.2356 0
0.2364 4
0.2372 0
0.238 2
0.2388 1
0.2396 1
0.2404 0
0.2412 3
0.242 0
0.2428 0
0.2436 0
0.2444 0
0.2452 2
0.246 1
0.2468 1
0.2476 1
0.2484 0
0.2492 0
0.25 2
0.2508 1
0.2516 1
0.2524 1
0.2532 2
0.254 1
0.2548 0
0.2556 1
0.2564 0
0.2572 1
0.258 2
0.2588 1
0.2596 1
0.2604 0
0.2612 1
0.262 1
0.2628 1
0.2636 0
0.2644 1
0.2652 2
0.266 1
0.2668 0
0.2676 0
0.2684 2
0.2692 0
0.27 2
0.2708 3
0.2716 1
0.2724 0
0.2732 2
0.274 3
0.2748 0
0.2756 1
0.2764 0
0.2772 0
0.278 1
0.2788 0
0.2796 0
0.2804 0
0.2812 0
0.282 0
0.2828 1
0.2836 1
0.2844 1
0.2852 1
0.286 0
0.2868 1
0.2876 0
0.2884 0
0.2892 1
0.29 0
0.2908 0
0.2916 0
0.2924 0
0.2932 0
0.294 0
0.2948 2
0.2956 0
0.2964 0
0.2972 1
0.298 0
0.2988 1
0.2996 0
0.3004 1
0.3012 1
0.302 0
0.3028 1
0.3036 0
0.3044 0
0.3052 0
0.306 0
0.3068 0
0.3076 0
0.3084 0
0.3092 0
0.31 2
0.3108 0
0.3116 1
0.3124 0
0.3132 0
0.314 0
0.3148 0
0.3156 0
0.3164 0
0.3172 1
0.318 0
0.3188 1
0.3196 0
0.3204 1
0.3212 0
0.322 1
0.3228 0
0.3236 0
0.3244 0
0.3252 1
0.326 1
0.3268 0
0.3276 0
0.3284 1
0.3292 1
0.33 0
0.3308 1
0.3316 0
0.3324 0
0.3332 0
0.334 0
0.3348 0
0.3356 0
0.3364 0
0.3372 1
0.338 1
0.3388 0
0.3396 1
0.3404 0
0.3412 1
0.342 0
0.3428 0
0.3436 0
0.3444 1
0.3452 0
0.346 0
0.3468 1
0.3476 1
0.3484 0
0.3492 0
0.35 0
0.3508 0
0.3516 0
0.3524 1
0.3532 2
0.354 1
0.3548 1
0.3556 0
0.3564 0
0.3572 0
0.358 0
0.3588 0
0.3596 1
0.3604 0
0.3612 0
0.362 1
0.3628 0
0.3636 0
0.3644 0
0.3652 1
0.366 1
0.3668 0
0.3676 0
0.3684 0
0.3692 1
0.37 2
0.3708 1
0.3716 0
0.3724 0
0.3732 0
0.374 0
0.3748 0
0.3756 1
0.3764 0
0.3772 0
0.378 1
0.3788 0
0.3796 0
0.3804 0
0.3812 0
0.382 0
0.3828 0
0.3836 0
0.3844 0
0.3852 1
0.386 0
0.3868 0
0.3876 1
0.3884 0
0.3892 0
0.39 0
0.3908 0
0.3916 0
0.3924 1
0.3932 0
0.394 1
0.3948 0
0.3956 0
0.3964 0
0.3972 0
0.398 0
0.3988 2
0.3996 0
0.4004 0
0.4012 0
0.402 0
0.4028 0
0.4036 0
0.4044 2
0.4052 0
0.406 1
0.4068 0
0.4076 0
0.4084 0
0.4092 1
0.41 0
0.4108 0
0.4116 1
0.4124 0
0.4132 0
0.414 1
0.4148 0
0.4156 1
0.4164 0
0.4172 0
0.418 0
0.4188 0
0.4196 0
0.4204 0
0.4212 0
0.422 1
0.4228 0
0.4236 1
0.4244 0
0.4252 0
0.426 0
0.4268 1
0.4276 0
0.4284 0
0.4292 0
0.43 0
0.4308 1
0.4316 0
0.4324 0
0.4332 1
0.434 0
0.4348 1
0.4356 1
0.4364 0
0.4372 0
0.438 1
0.4388 0
0.4396 0
0.4404 0
0.4412 1
0.442 0
0.4428 0
0.4436 0
0.4444 0
0.4452 0
0.446 0
0.4468 0
0.4476 0
0.4484 0
0.4492 0
0.45 0
0.4508 1
0.4516 0
0.4524 0
0.4532 0
0.454 0
0.4548 0
0.4556 0
0.4564 2
0.4572 0
0.458 0
0.4588 0
0.4596 0
0.4604 0
0.4612 0
0.462 1
0.4628 1
0.4636 0
0.4644 0
0.4652 0
0.466 0
0.4668 0
0.4676 0
0.4684 0
0.4692 0
0.47 0
0.4708 0
0.4716 1
0.4724 1
0.4732 0
0.474 1
0.4748 0
0.4756 1
0.4764 0
0.4772 0
0.478 0
0.4788 0
0.4796 0
0.4804 0
0.4812 1
0.482 0
0.4828 1
0.4836 1
0.4844 0
0.4852 0
0.486 0
0.4868 0
0.4876 0
0.4884 1
0.4892 0
0.49 0
0.4908 0
0.4916 0
0.4924 0
0.4932 0
0.494 1
0.4948 0
0.4956 0
0.4964 0
0.4972 1
0.498 1
0.4988 0
0.4996 2
0.5004 0
0.5012 0
0.502 1
0.5028 1
0.5036 0
0.5044 1
0.5052 0
0.506 1
0.5068 0
0.5076 0
0.5084 1
0.5092 3
0.51 1
0.5108 1
0.5116 0
0.5124 1
0.5132 1
0.514 0
0.5148 0
0.5156 3
0.5164 0
0.5172 1
0.518 1
0.5188 0
0.5196 0
0.5204 0
0.5212 0
0.522 0
0.5228 1
0.5236 2
0.5244 1
0.5252 2
0.526 2
0.5268 0
0.5276 0
0.5284 3
0.5292 1
0.53 0
0.5308 2
0.5316 0
0.5324 2
0.5332 1
0.534 2
0.5348 0
0.5356 0
0.5364 0
0.5372 1
0.538 1
0.5388 1
0.5396 2
0.5404 3
0.5412 2
0.542 2
0.5428 3
0.5436 2
0.5444 2
0.5452 2
0.546 1
0.5468 2
0.5476 1
0.5484 3
0.5492 2
0.55 1
0.5508 2
0.5516 3
0.5524 1
0.5532 2
0.554 2
0.5548 1
0.5556 2
0.5564 4
0.5572 0
0.558 3
0.5588 1
0.5596 5
0.5604 4
0.5612 5
0.562 2
0.5628 4
0.5636 4
0.5644 6
0.5652 4
0.566 4
0.5668 1
0.5676 2
0.5684 6
0.5692 5
0.57 3
0.5708 8
0.5716 4
0.5724 4
0.5732 3
0.574 3
0.5748 5
0.5756 1
0.5764 2
0.5772 3
0.578 4
0.5788 2
0.5796 5
0.5804 6
0.5812 8
0.582 2
0.5828 5
0.5836 7
0.5844 5
0.5852 5
0.586 6
0.5868 5
0.5876 8
0.5884 8
0.5892 10
0.59 7
0.5908 4
0.5916 6
0.5924 5
0.5932 8
0.594 6
0.5948 8
0.5956 7
0.5964 5
0.5972 13
0.598 3
0.5988 5
0.5996 9
0.6004 5
0.6012 6
0.602 14
0.6028 7
0.6036 12
0.6044 6
0.6052 12
0.606 7
0.6068 11
0.6076 8
0.6084 6
0.6092 7
0.61 8
0.6108 8
0.6116 17
0.6124 7
0.6132 6
0.614 12
0.6148 14
0.6156 9
0.6164 15
0.6172 16
0.618 9
0.6188 10
0.6196 11
0.6204 14
0.6212 11
0.622 13
0.6228 16
0.6236 20
0.6244 18
0.6252 13
0.626 11
0.6268 14
0.6276 20
0.6284 20
0.6292 22
0.63 13
0.6308 15
0.6316 14
0.6324 12
0.6332 20
0.634 11
0.6348 26
0.6356 11
0.6364 19
0.6372 20
0.638 18
0.6388 13
0.6396 13
0.6404 18
0.6412 26
0.642 22
0.6428 22
0.6436 20
0.6444 21
0.6452 24
0.646 26
0.6468 23
0.6476 17
0.6484 29
0.6492 25
0.65 25
0.6508 27
0.6516 14
0.6524 18
0.6532 32
0.654 17
0.6548 32
0.6556 38
0.6564 33
0.6572 38
0.658 35
0.6588 26
0.6596 30
0.6604 32
0.6612 33
0.662 26
0.6628 26
0.6636 32
0.6644 26
0.6652 28
0.666 38
0.6668 30
0.6676 36
0.6684 33
0.6692 30
0.67 29
0.6708 35
0.6716 51
0.6724 27
0.6732 24
0.674 38
0.6748 36
0.6756 41
0.6764 37
0.6772 29
0.678 41
0.6788 50
0.6796 29
0.6804 37
0.6812 36
0.682 34
0.6828 45
0.6836 38
0.6844 40
0.6852 39
0.686 48
0.6868 59
0.6876 44
0.6884 47
0.6892 51
0.69 34
0.6908 47
0.6916 36
0.6924 51
0.6932 54
0.694 44
0.6948 45
0.6956 51
0.6964 61
0.6972 41
0.698 54
0.6988 60
0.6996 59
0.7004 59
0.7012 51
0.702 59
0.7028 59
0.7036 53
0.7044 58
0.7052 60
0.706 63
0.7068 56
0.7076 59
0.7084 59
0.7092 56
0.71 54
0.7108 64
0.7116 52
0.7124 52
0.7132 62
0.714 67
0.7148 62
0.7156 75
0.7164 39
0.7172 58
0.718 67
0.7188 74
0.7196 57
0.7204 70
0.7212 57
0.722 72
0.7228 89
0.7236 78
0.7244 75
0.7252 70
0.726 82
0.7268 64
0.7276 82
0.7284 85
0.7292 71
0.73 73
0.7308 73
0.7316 68
0.7324 81
0.7332 97
0.734 92
0.7348 66
0.7356 78
0.7364 67
0.7372 99
0.738 76
0.7388 88
0.7396 90
0.7404 92
0.7412 74
0.742 83
0.7428 71
0.7436 86
0.7444 82
0.7452 79
0.746 90
0.7468 94
0.7476 93
0.7484 98
0.7492 102
0.75 83
0.7508 111
0.7516 95
0.7524 103
0.7532 102
0.754 94
0.7548 103
0.7556 99
0.7564 114
0.7572 98
0.758 109
0.7588 104
0.7596 103
0.7604 99
0.7612 100
0.762 112
0.7628 106
0.7636 93
0.7644 108
0.7652 110
0.766 116
0.7668 112
0.7676 127
0.7684 115
0.7692 128
0.77 107
0.7708 110
0.7716 117
0.7724 117
0.7732 123
0.774 110
0.7748 116
0.7756 118
0.7764 129
0.7772 126
0.778 134
0.7788 117
0.7796 122
0.7804 137
0.7812 135
0.782 137
0.7828 136
0.7836 106
0.7844 127
0.7852 127
0.786 155
0.7868 132
0.7876 151
0.7884 133
0.7892 139
0.79 134
0.7908 140
0.7916 142
0.7924 166
0.7932 130
0.794 142
0.7948 140
0.7956 122
0.7964 150
0.7972 164
0.798 139
0.7988 158
0.7996 151
0.8004 175
0.8012 152
0.802 134
0.8028 156
0.8036 154
0.8044 147
0.8052 131
0.806 154
0.8068 182
0.8076 133
0.8084 156
0.8092 157
0.81 156
0.8108 146
0.8116 160
0.8124 144
0.8132 170
0.814 165
0.8148 140
0.8156 172
0.8164 177
0.8172 187
0.818 162
0.8188 171
0.8196 190
0.8204 169
0.8212 169
0.822 158
0.8228 170
0.8236 154
0.8244 193
0.8252 173
0.826 183
0.8268 206
0.8276 204
0.8284 178
0.8292 167
0.83 206
0.8308 222
0.8316 181
0.8324 197
0.8332 177
0.834 220
0.8348 219
0.8356 169
0.8364 212
0.8372 197
0.838 198
0.8388 196
0.8396 212
0.8404 231
0.8412 227
0.842 181
0.8428 218
0.8436 224
0.8444 237
0.8452 217
0.846 221
0.8468 233
0.8476 213
0.8484 266
0.8492 215
0.85 231
0.8508 251
0.8516 246
0.8524 242
0.8532 277
0.854 229
0.8548 204
0.8556 217
0.8564 259
0.8572 256
0.858 234
0.8588 244
0.8596 262
0.8604 274
0.8612 257
0.862 225
0.8628 268
0.8636 277
0.8644 246
0.8652 243
0.866 239
0.8668 269
0.8676 260
0.8684 287
0.8692 260
0.87 285
0.8708 257
0.8716 254
0.8724 261
0.8732 258
0.874 264
0.8748 279
0.8756 286
0.8764 281
0.8772 268
0.878 269
0.8788 320
0.8796 300
0.8804 272
0.8812 265
0.882 330
0.8828 280
0.8836 297
0.8844 269
0.8852 288
0.886 264
0.8868 286
0.8876 310
0.8884 300
0.8892 274
0.89 281
0.8908 302
0.8916 302
0.8924 292
0.8932 299
0.894 258
0.8948 316
0.8956 287
0.8964 285
0.8972 279
0.898 343
0.8988 315
0.8996 318
0.9004 338
0.9012 324
0.902 323
0.9028 300
0.9036 323
0.9044 301
0.9052 330
0.906 274
0.9068 336
0.9076 307
0.9084 306
0.9092 336
0.91 324
0.9108 322
0.9116 326
0.9124 349
0.9132 301
0.914 312
0.9148 334
0.9156 325
0.9164 311
0.9172 287
0.918 328
0.9188 338
0.9196 318
0.9204 320
0.9212 341
0.922 360
0.9228 286
0.9236 332
0.9244 331
0.9252 352
0.926 354
0.9268 302
0.9276 336
0.9284 352
0.9292 307
0.93 289
0.9308 356
0.9316 304
0.9324 339
0.9332 318
0.934 302
0.9348 354
0.9356 329
0.9364 334
0.9372 316
0.938 311
0.9388 359
0.9396 340
0.9404 311
0.9412 348
0.942 317
0.9428 321
0.9436 336
0.9444 359
0.9452 346
0.946 346
0.9468 340
0.9476 322
0.9484 334
0.9492 331
0.95 325
0.9508 320
0.9516 344
0.9524 326
0.9532 346
0.954 348
0.9548 307
0.9556 323
0.9564 334
0.9572 342
0.958 337
0.9588 349
0.9596 330
0.9604 324
0.9612 334
0.962 349
0.9628 369
0.9636 368
0.9644 352
0.9652 336
0.966 378
0.9668 348
0.9676 345
0.9684 360
0.9692 373
0.97 337
0.9708 374
0.9716 380
0.9724 336
0.9732 354
0.974 350
0.9748 347
0.9756 359
0.9764 347
0.9772 360
0.978 351
0.9788 353
0.9796 315
0.9804 323
0.9812 361
0.982 329
0.9828 332
0.9836 396
0.9844 325
0.9852 374
0.986 327
0.9868 332
0.9876 323
0.9884 356
0.9892 368
0.99 349
0.9908 352
0.9916 334
0.9924 366
0.9932 346
0.994 319
0.9948 359
0.9956 309
0.9964 373
0.9972 325
0.998 339
0.9988 347
0.9996 348
1.0004 364
1.0012 393
1.002 307
1.0028 343
1.0036 360
1.0044 353
1.0052 358
1.006 333
1.0068 341
1.0076 343
1.0084 327
1.0092 358
1.01 333
1.0108 357
1.0116 375
1.0124 340
1.0132 348
1.014 335
1.0148 359
1.0156 357
1.0164 325
1.0172 364
1.018 339
1.0188 361
1.0196 350
1.0204 358
1.0212 354
1.022 371
1.0228 347
1.0236 354
1.0244 326
1.0252 382
1.026 381
1.0268 347
1.0276 373
1.0284 349
1.0292 324
1.03 342
1.0308 355
1.0316 345
1.0324 365
1.0332 342
1.034 335
1.0348 352
1.0356 351
1.0364 340
1.0372 334
1.038 335
1.0388 328
1.0396 383
1.0404 357
1.0412 360
1.042 389
1.0428 344
1.0436 331
1.0444 324
1.0452 371
1.046 352
1.0468 334
1.0476 333
1.0484 336
1.0492 355
1.05 359
1.0508 315
1.0516 351
1.0524 357
1.0532 330
1.054 349
1.0548 338
1.0556 326
1.0564 348
1.0572 340
1.058 346
1.0588 344
1.0596 334
1.0604 330
1.0612 312
1.062 337
1.0628 296
1.0636 321
1.0644 344
1.0652 323
1.066 316
1.0668 296
1.0676 311
1.0684 336
1.0692 317
1.07 367
1.0708 319
1.0716 366
1.0724 317
1.0732 303
1.074 304
1.0748 304
1.0756 333
1.0764 335
1.0772 332
1.078 319
1.0788 299
1.0796 329
1.0804 338
1.0812 320
1.082 302
1.0828 289
1.0836 324
1.0844 313
1.0852 318
1.086 315
1.0868 291
1.0876 337
1.0884 313
1.0892 302
1.09 306
1.0908 312
1.0916 288
1.0924 320
1.0932 285
1.094 338
1.0948 316
1.0956 297
1.0964 290
1.0972 303
1.098 293
1.0988 320
1.0996 315
1.1004 326
1.1012 319
1.102 293
1.1028 288
1.1036 317
1.1044 291
1.1052 283
1.106 266
1.1068 295
1.1076 295
1.1084 280
1.1092 306
1.11 308
1.1108 313
1.1116 275
1.1124 284
1.1132 276
1.114 317
1.1148 282
1.1156 254
1.1164 278
1.1172 280
1.118 274
1.1188 268
1.1196 268
1.1204 264
1.1212 291
1.122 290
1.1228 273
1.1236 270
1.1244 321
1.1252 260
1.126 288
1.1268 257
1.1276 272
1.1284 270
1.1292 230
1.13 273
1.1308 275
1.1316 271
1.1324 279
1.1332 265
1.134 287
1.1348 288
1.1356 271
1.1364 279
1.1372 268
1.138 249
1.1388 269
1.1396 254
1.1404 273
1.1412 257
1.142 282
1.1428 268
1.1436 231
1.1444 281
1.1452 273
1.146 245
1.1468 259
1.1476 286
1.1484 278
1.1492 255
1.15 285
1.1508 269
1.1516 243
1.1524 251
1.1532 238
1.154 279
1.1548 259
1.1556 278
1.1564 256
1.1572 224
1.158 253
1.1588 246
1.1596 239
1.1604 230
1.1612 257
1.162 264
1.1628 255
1.1636 239
1.1644 261
1.1652 251
1.166 229
1.1668 223
1.1676 236
1.1684 256
1.1692 214
1.17 220
1.1708 241
1.1716 198
1.1724 228
1.1732 247
1.174 250
1.1748 247
1.1756 221
1.1764 237
1.1772 227
1.178 223
1.1788 220
1.1796 201
1.1804 231
1.1812 235
1.182 232
1.1828 217
1.1836 224
1.1844 221
1.1852 207
1.186 239
1.1868 211
1.1876 228
1.1884 226
1.1892 249
1.19 202
1.1908 236
1.1916 228
1.1924 197
1.1932 231
1.194 224
1.1948 201
1.1956 225
1.1964 209
1.1972 232
1.198 225
1.1988 205
1.1996 216
1.2004 211
1.2012 201
1.202 197
1.2028 247
1.2036 205
1.2044 212
1.2052 188
1.206 212
1.2068 191
1.2076 206
1.2084 232
1.2092 182
1.21 197
1.2108 199
1.2116 213
1.2124 224
1.2132 189
1.214 203
1.2148 222
1.2156 199
1.2164 208
1.2172 213
1.218 186
1.2188 198
1.2196 172
1.2204 178
1.2212 168
1.222 180
1.2228 208
1.2236 198
1.2244 178
1.2252 202
1.226 183
1.2268 173
1.2276 170
1.2284 202
1.2292 193
1.23 187
1.2308 191
1.2316 172
1.2324 195
1.2332 191
1.234 178
1.2348 169
1.2356 169
1.2364 198
1.2372 184
1.238 185
1.2388 146
1.2396 179
1.2404 192
1.2412 185
1.242 177
1.2428 189
1.2436 192
1.2444 172
1.2452 174
1.246 144
1.2468 164
1.2476 188
1.2484 177
1.2492 162
1.25 188
1.2508 137
1.2516 180
1.2524 163
1.2532 176
1.254 153
1.2548 185
1.2556 180
1.2564 165
1.2572 151
1.258 173
1.2588 153
1.2596 150
1.2604 177
1.2612 154
1.262 166
1.2628 176
1.2636 164
1.2644 174
1.2652 151
1.266 157
1.2668 172
1.2676 185
1.2684 153
1.2692 143
1.27 157
1.2708 149
1.2716 163
1.2724 126
1.2732 163
1.274 138
1.2748 138
1.2756 166
1.2764 164
1.2772 123
1.278 150
1.2788 153
1.2796 152
1.2804 164
1.2812 143
1.282 161
1.2828 128
1.2836 153
1.2844 144
1.2852 138
1.286 133
1.2868 145
1.2876 164
1.2884 153
1.2892 152
1.29 137
1.2908 156
1.2916 139
1.2924 156
1.2932 130
1.294 171
1.2948 126
1.2956 132
1.2964 127
1.2972 143
1.298 153
1.2988 147
1.2996 143
1.3004 146
1.3012 166
1.302 147
1.3028 126
1.3036 137
1.3044 131
1.3052 140
1.306 169
1.3068 141
1.3076 145
1.3084 135
1.3092 128
1.31 132
1.3108 134
1.3116 120
1.3124 138
1.3132 125
1.314 149
1.3148 128
1.3156 131
1.3164 120
1.3172 146
1.318 111
1.3188 135
1.3196 135
1.3204 131
1.3212 146
1.322 140
1.3228 141
1.3236 129
1.3244 138
1.3252 125
1.326 135
1.3268 122
1.3276 130
1.3284 118
1.3292 118
1.33 127
1.3308 127
1.3316 120
1.3324 134
1.3332 137
1.334 134
1.3348 146
1.3356 148
1.3364 126
1.3372 113
1.338 129
1.3388 131
1.3396 144
1.3404 101
1.3412 127
1.342 135
1.3428 107
1.3436 103
1.3444 112
1.3452 123
1.346 129
1.3468 105
1.3476 129
1.3484 104
1.3492 136
1.35 112
1.3508 128
1.3516 118
1.3524 120
1.3532 119
1.354 119
1.3548 116
1.3556 115
1.3564 114
1.3572 102
1.358 102
1.3588 116
1.3596 131
1.3604 112
1.3612 122
1.362 115
1.3628 119
1.3636 128
1.3644 129
1.3652 107
1.366 110
1.3668 106
1.3676 110
1.3684 136
1.3692 106
1.37 111
1.3708 105
1.3716 110
1.3724 111
1.3732 103
1.374 120
1.3748 105
1.3756 87
1.3764 111
1.3772 112
1.378 102
1.3788 111
1.3796 119
1.3804 87
1.3812 113
1.382 115
1.3828 111
1.3836 97
1.3844 114
1.3852 101
1.386 104
1.3868 88
1.3876 112
1.3884 97
1.3892 115
1.39 104
1.3908 93
1.3916 112
1.3924 88
1.3932 91
1.394 93
1.3948 117
1.3956 98
1.3964 105
1.3972 101
1.398 84
1.3988 104
1.3996 98
1.4004 89
1.4012 101
1.402 98
1.4028 101
1.4036 103
1.4044 107
1.4052 111
1.406 96
1.4068 119
1.4076 98
1.4084 97
1.4092 107
1.41 107
1.4108 99
1.4116 104
1.4124 109
1.4132 89
1.414 107
1.4148 96
1.4156 93
1.4164 95
1.4172 97
1.418 89
1.4188 95
1.4196 107
1.4204 98
1.4212 103
1.422 75
1.4228 97
1.4236 106
1.4244 104
1.4252 98
1.426 101
1.4268 118
1.4276 105
1.4284 100
1.4292 97
1.43 81
1.4308 80
1.4316 90
1.4324 100
1.4332 78
1.434 98
1.4348 98
1.4356 97
1.4364 94
1.4372 106
1.438 98
1.4388 103
1.4396 94
1.4404 90
1.4412 97
1.442 93
1.4428 99
1.4436 91
1.4444 107
1.4452 92
1.446 90
1.4468 98
1.4476 93
1.4484 115
1.4492 95
1.45 96
1.4508 81
1.4516 77
1.4524 102
1.4532 88
1.454 78
1.4548 89
1.4556 76
1.4564 111
1.4572 105
1.458 109
1.4588 83
1.4596 87
1.4604 93
1.4612 72
1.462 89
1.4628 96
1.4636 75
1.4644 84
1.4652 80
1.466 73
1.4668 83
1.4676 109
1.4684 73
1.4692 95
1.47 71
1.4708 78
1.4716 85
1.4724 81
1.4732 97
1.474 81
1.4748 80
1.4756 75
1.4764 102
1.4772 83
1.478 84
1.4788 88
1.4796 84
1.4804 82
1.4812 86
1.482 70
1.4828 76
1.4836 87
1.4844 79
1.4852 79
1.486 70
1.4868 78
1.4876 58
1.4884 90
1.4892 83
1.49 75
1.4908 86
1.4916 84
1.4924 78
1.4932 85
1.494 60
1.4948 84
1.4956 86
1.4964 86
1.4972 72
1.498 67
1.4988 76
1.4996 67
1.5004 94
1.5012 72
1.502 70
1.5028 86
1.5036 81
1.5044 81
1.5052 77
1.506 83
1.5068 79
1.5076 84
1.5084 72
1.5092 75
1.51 74
1.5108 80
1.5116 81
1.5124 70
1.5132 73
1.514 74
1.5148 76
1.5156 76
1.5164 88
1.5172 80
1.518 76
1.5188 87
1.5196 78
1.5204 73
1.5212 66
1.522 66
1.5228 69
1.5236 73
1.5244 86
1.5252 62
1.526 69
1.5268 80
1.5276 68
1.5284 73
1.5292 81
1.53 72
1.5308 84
1.5316 81
1.5324 61
1.5332 70
1.534 65
1.5348 58
1.5356 73
1.5364 79
1.5372 76
1.538 68
1.5388 57
1.5396 65
1.5404 78
1.5412 99
1.542 52
1.5428 73
1.5436 73
1.5444 70
1.5452 68
1.546 94
1.5468 62
1.5476 79
1.5484 72
1.5492 72
1.55 72
1.5508 65
1.5516 58
1.5524 68
1.5532 72
1.554 64
1.5548 61
1.5556 67
1.5564 74
1.5572 51
1.558 68
1.5588 67
1.5596 70
1.5604 72
1.5612 53
1.562 59
1.5628 68
1.5636 84
1.5644 66
1.5652 56
1.566 50
1.5668 66
1.5676 79
1.5684 70
1.5692 62
1.57 63
1.5708 43
1.5716 67
1.5724 50
1.5732 83
1.574 67
1.5748 73
1.5756 59
1.5764 78
1.5772 58
1.578 70
1.5788 73
1.5796 61
1.5804 65
1.5812 59
1.582 81
1.5828 51
1.5836 69
1.5844 51
1.5852 52
1.586 61
1.5868 59
1.5876 67
1.5884 58
1.5892 63
1.59 53
1.5908 60
1.5916 76
1.5924 79
1.5932 55
1.594 60
1.5948 75
1.5956 49
1.5964 66
1.5972 62
1.598 60
1.5988 58
1.5996 70
1.6004 55
1.6012 58
1.602 47
1.6028 56
1.6036 50
1.6044 63
1.6052 49
1.606 57
1.6068 55
1.6076 63
1.6084 53
1.6092 55
1.61 56
1.6108 67
1.6116 69
1.6124 67
1.6132 44
1.614 64
1.6148 46
1.6156 54
1.6164 62
1.6172 62
1.618 50
1.6188 54
1.6196 53
1.6204 62
1.6212 61
1.622 48
1.6228 53
1.6236 52
1.6244 51
1.6252 62
1.626 67
1.6268 49
1.6276 70
1.6284 64
1.6292 59
1.63 61
1.6308 54
1.6316 49
1.6324 52
1.6332 50
1.634 58
1.6348 43
1.6356 41
1.6364 51
1.6372 53
1.638 46
1.6388 47
1.6396 52
1.6404 48
1.6412 54
1.642 51
1.6428 73
1.6436 56
1.6444 46
1.6452 54
1.646 52
1.6468 63
1.6476 45
1.6484 54
1.6492 59
1.65 45
1.6508 50
1.6516 46
1.6524 48
1.6532 53
1.654 63
1.6548 44
1.6556 50
1.6564 47
1.6572 42
1.658 60
1.6588 52
1.6596 47
1.6604 60
1.6612 45
1.662 47
1.6628 54
1.6636 38
1.6644 45
1.6652 48
1.666 38
1.6668 54
1.6676 54
1.6684 49
1.6692 56
1.67 49
1.6708 48
1.6716 41
1.6724 46
1.6732 52
1.674 61
1.6748 52
1.6756 63
1.6764 36
1.6772 50
1.678 52
1.6788 49
1.6796 42
1.6804 40
1.6812 43
1.682 42
1.6828 55
1.6836 41
1.6844 35
1.6852 59
1.686 51
1.6868 44
1.6876 36
1.6884 40
1.6892 47
1.69 40
1.6908 50
1.6916 50
1.6924 50
1.6932 44
1.694 46
1.6948 49
1.6956 39
1.6964 50
1.6972 38
1.698 36
1.6988 43
1.6996 24
1.7004 46
1.7012 32
1.702 34
1.7028 35
1.7036 40
1.7044 51
1.7052 45
1.706 43
1.7068 41
1.7076 32
1.7084 43
1.7092 46
1.71 48
1.7108 43
1.7116 49
1.7124 36
1.7132 36
1.714 38
1.7148 48
1.7156 40
1.7164 38
1.7172 41
1.718 41
1.7188 32
1.7196 32
1.7204 40
1.7212 40
1.722 43
1.7228 36
1.7236 35
1.7244 38
1.7252 40
1.726 44
1.7268 36
1.7276 37
1.7284 42
1.7292 33
1.73 35
1.7308 47
1.7316 40
1.7324 36
1.7332 47
1.734 51
1.7348 43
1.7356 28
1.7364 29
1.7372 38
1.738 49
1.7388 39
1.7396 38
1.7404 40
1.7412 24
1.742 32
1.7428 37
1.7436 32
1.7444 31
1.7452 39
1.746 31
1.7468 41
1.7476 35
1.7484 32
1.7492 48
1.75 45
1.7508 33
1.7516 32
1.7524 32
1.7532 31
1.754 42
1.7548 42
1.7556 30
1.7564 44
1.7572 24
1.758 35
1.7588 36
1.7596 43
1.7604 31
1.7612 31
1.762 37
1.7628 28
1.7636 34
1.7644 37
1.7652 34
1.766 33
1.7668 30
1.7676 31
1.7684 29
1.7692 36
1.77 28
1.7708 31
1.7716 25
1.7724 26
1.7732 40
1.774 37
1.7748 41
1.7756 32
1.7764 38
1.7772 30
1.778 29
1.7788 39
1.7796 25
1.7804 32
1.7812 43
1.782 35
1.7828 28
1.7836 41
1.7844 33
1.7852 39
1.786 36
1.7868 37
1.7876 34
1.7884 36
1.7892 38
1.79 38
1.7908 25
1.7916 28
1.7924 30
1.7932 32
1.794 31
1.7948 30
1.7956 27
1.7964 23
1.7972 37
1.798 36
1.7988 28
1.7996 24
1.8004 35
1.8012 28
1.802 30
1.8028 33
1.8036 24
1.8044 33
1.8052 23
1.806 34
1.8068 33
1.8076 23
1.8084 31
1.8092 25
1.81 26
1.8108 26
1.8116 23
1.8124 33
1.8132 29
1.814 26
1.8148 27
1.8156 29
1.8164 32
1.8172 18
1.818 27
1.8188 33
1.8196 33
1.8204 27
1.8212 33
1.822 30
1.8228 24
1.8236 26
1.8244 27
1.8252 23
1.826 29
1.8268 28
1.8276 18
1.8284 21
1.8292 23
1.83 38
1.8308 20
1.8316 19
1.8324 17
1.8332 22
1.834 33
1.8348 28
1.8356 35
1.8364 39
1.8372 31
1.838 31
1.8388 22
1.8396 29
1.8404 34
1.8412 17
1.842 28
1.8428 40
1.8436 32
1.8444 25
1.8452 30
1.846 28
1.8468 23
1.8476 26
1.8484 18
1.8492 28
1.85 20
1.8508 32
1.8516 34
1.8524 21
1.8532 24
1.854 29
1.8548 26
1.8556 30
1.8564 24
1.8572 21
1.858 16
1.8588 29
1.8596 32
1.8604 22
1.8612 25
1.862 23
1.8628 31
1.8636 31
1.8644 25
1.8652 21
1.866 22
1.8668 29
1.8676 21
1.8684 22
1.8692 28
1.87 22
1.8708 19
1.8716 31
1.8724 19
1.8732 30
1.874 18
1.8748 23
1.8756 28
1.8764 20
1.8772 15
1.878 26
1.8788 26
1.8796 25
1.8804 27
1.8812 21
1.882 28
1.8828 27
1.8836 25
1.8844 26
1.8852 26
1.886 27
1.8868 28
1.8876 16
1.8884 22
1.8892 22
1.89 23
1.8908 15
1.8916 24
1.8924 17
1.8932 21
1.894 23
1.8948 24
1.8956 18
1.8964 20
1.8972 19
1.898 19
1.8988 23
1.8996 20
1.9004 19
1.9012 28
1.902 26
1.9028 37
1.9036 20
1.9044 17
1.9052 22
1.906 26
1.9068 20
1.9076 31
1.9084 28
1.9092 23
1.91 16
1.9108 29
1.9116 26
1.9124 20
1.9132 22
1.914 20
1.9148 21
1.9156 13
1.9164 15
1.9172 25
1.918 21
1.9188 17
1.9196 15
1.9204 22
1.9212 28
1.922 20
1.9228 19
1.9236 13
1.9244 15
1.9252 24
1.926 20
1.9268 20
1.9276 27
1.9284 19
1.9292 19
1.93 16
1.9308 23
1.9316 25
1.9324 13
1.9332 24
1.934 20
1.9348 18
1.9356 23
1.9364 19
1.9372 14
1.938 20
1.9388 18
1.9396 15
1.9404 21
1.9412 22
1.942 24
1.9428 19
1.9436 17
1.9444 16
1.9452 17
1.946 24
1.9468 19
1.9476 24
1.9484 24
1.9492 19
1.95 21
1.9508 21
1.9516 20
1.9524 18
1.9532 11
1.954 12
1.9548 14
1.9556 17
1.9564 9
1.9572 21
1.958 17
1.9588 26
1.9596 17
1.9604 17
1.9612 18
1.962 16
1.9628 24
1.9636 15
1.9644 21
1.9652 17
1.966 25
1.9668 14
1.9676 20
1.9684 20
1.9692 25
1.97 15
1.9708 21
1.9716 18
1.9724 11
1.9732 12
1.974 26
1.9748 25
1.9756 15
1.9764 19
1.9772 11
1.978 13
1.9788 13
1.9796 11
1.9804 22
1.9812 16
1.982 22
1.9828 25
1.9836 19
1.9844 17
1.9852 16
1.986 19
1.9868 20
1.9876 16
1.9884 21
1.9892 15
1.99 19
1.9908 15
1.9916 17
1.9924 22
1.9932 22
1.994 16
1.9948 12
1.9956 21
1.9964 23
1.9972 13
1.998 16
1.9988 10
1.9996 16
2.0004 20
2.0012 20
2.002 9
2.0028 19
2.0036 16
2.0044 19
2.0052 14
2.006 18
2.0068 15
2.0076 7
2.0084 10
2.0092 12
2.01 12
2.0108 12
2.0116 22
2.0124 9
2.0132 7
2.014 26
2.0148 20
2.0156 21
2.0164 18
2.0172 8
2.018 15
2.0188 18
2.0196 20
2.0204 16
2.0212 16
2.022 16
2.0228 17
2.0236 18
2.0244 16
2.0252 14
2.026 13
2.0268 12
2.0276 14
2.0284 6
2.0292 13
2.03 23
2.0308 12
2.0316 20
2.0324 18
2.0332 17
2.034 11
2.0348 13
2.0356 19
2.0364 16
2.0372 20
2.038 18
2.0388 16
2.0396 15
2.0404 12
2.0412 18
2.042 17
2.0428 15
2.0436 19
2.0444 15
2.0452 12
2.046 16
2.0468 12
2.0476 15
2.0484 11
2.0492 21
2.05 13
2.0508 12
2.0516 13
2.0524 12
2.0532 14
2.054 10
2.0548 8
2.0556 9
2.0564 12
2.0572 17
2.058 15
2.0588 18
2.0596 23
2.0604 9
2.0612 11
2.062 13
2.0628 13
2.0636 19
2.0644 12
2.0652 11
2.066 18
2.0668 22
2.0676 15
2.0684 14
2.0692 16
2.07 13
2.0708 16
2.0716 13
2.0724 10
2.0732 21
2.074 12
2.0748 11
2.0756 13
2.0764 16
2.0772 11
2.078 4
2.0788 18
2.0796 11
2.0804 14
2.0812 13
2.082 14
2.0828 18
2.0836 16
2.0844 13
2.0852 13
2.086 14
2.0868 19
2.0876 16
2.0884 15
2.0892 12
2.09 15
2.0908 16
2.0916 15
2.0924 18
2.0932 8
2.094 18
2.0948 15
2.0956 12
2.0964 15
2.0972 10
2.098 12
2.0988 18
2.0996 10
2.1004 16
2.1012 16
2.102 14
2.1028 12
2.1036 8
2.1044 7
2.1052 12
2.106 10
2.1068 20
2.1076 6
2.1084 14
2.1092 18
2.11 9
2.1108 17
2.1116 9
2.1124 12
2.1132 14
2.114 12
2.1148 13
2.1156 16
2.1164 9
2.1172 11
2.118 13
2.1188 12
2.1196 8
2.1204 10
2.1212 13
2.122 9
2.1228 15
2.1236 14
2.1244 10
2.1252 14
2.126 12
2.1268 17
2.1276 14
2.1284 17
2.1292 4
2.13 17
2.1308 8
2.1316 11
2.1324 12
2.1332 13
2.134 10
2.1348 12
2.1356 17
2.1364 17
2.1372 20
2.138 14
2.1388 11
2.1396 13
2.1404 7
2.1412 14
2.142 10
2.1428 10
2.1436 11
2.1444 11
2.1452 13
2.146 12
2.1468 17
2.1476 17
2.1484 18
2.1492 13
2.15 11
2.1508 16
2.1516 14
2.1524 8
2.1532 11
2.154 14
2.1548 15
2.1556 14
2.1564 8
2.1572 16
2.158 5
2.1588 13
2.1596 10
2.1604 7
2.1612 11
2.162 19
2.1628 11
2.1636 13
2.1644 14
2.1652 13
2.166 11
2.1668 14
2.1676 7
2.1684 12
2.1692 12
2.17 12
2.1708 10
2.1716 20
2.1724 16
2.1732 8
2.174 15
2.1748 5
2.1756 11
2.1764 16
2.1772 19
2.178 16
2.1788 15
2.1796 16
2.1804 10
2.1812 11
2.182 13
2.1828 14
2.1836 11
2.1844 11
2.1852 8
2.186 19
2.1868 10
2.1876 5
2.1884 13
2.1892 10
2.19 10
2.1908 15
2.1916 8
2.1924 19
2.1932 10
2.194 8
2.1948 10
2.1956 18
2.1964 12
2.1972 10
2.198 11
2.1988 11
2.1996 13
2.2004 13
2.2012 14
2.202 13
2.2028 13
2.2036 16
2.2044 10
2.2052 11
2.206 13
2.2068 4
2.2076 8
2.2084 8
2.2092 16
2.21 12
2.2108 11
2.2116 9
2.2124 13
2.2132 14
2.214 20
2.2148 12
2.2156 10
2.2164 11
2.2172 13
2.218 12
2.2188 18
2.2196 7
2.2204 7
2.2212 12
2.222 9
2.2228 14
2.2236 8
2.2244 9
2.2252 14
2.226 9
2.2268 3
2.2276 11
2.2284 11
2.2292 9
2.23 14
2.2308 17
2.2316 14
2.2324 10
2.2332 6
2.234 8
2.2348 16
2.2356 9
2.2364 10
2.2372 8
2.238 10
2.2388 10
2.2396 9
2.2404 13
2.2412 10
2.242 12
2.2428 12
2.2436 7
2.2444 10
2.2452 11
2.246 7
2.2468 11
2.2476 8
2.2484 12
2.2492 5
2.25 7
2.2508 9
2.2516 7
2.2524 15
2.2532 7
2.254 12
2.2548 9
2.2556 14
2.2564 10
2.2572 10
2.258 10
2.2588 11
2.2596 16
2.2604 10
2.2612 9
2.262 12
2.2628 9
2.2636 6
2.2644 10
2.2652 7
2.266 14
2.2668 15
2.2676 10
2.2684 6
2.2692 13
2.27 14
2.2708 5
2.2716 7
2.2724 8
2.2732 8
2.274 14
2.2748 12
2.2756 10
2.2764 8
2.2772 12
2.278 6
2.2788 10
2.2796 10
2.2804 12
2.2812 12
2.282 15
2.2828 6
2.2836 11
2.2844 17
2.2852 10
2.286 11
2.2868 9
2.2876 7
2.2884 13
2.2892 10
2.29 12
2.2908 13
2.2916 15
2.2924 12
2.2932 9
2.294 10
2.2948 10
2.2956 12
2.2964 9
2.2972 5
2.298 14
2.2988 11
2.2996 9
2.3004 7
2.3012 8
2.302 7
2.3028 3
2.3036 15
2.3044 11
2.3052 11
2.306 9
2.3068 8
2.3076 5
2.3084 10
2.3092 10
2.31 10
2.3108 14
2.3116 16
2.3124 6
2.3132 8
2.314 6
2.3148 9
2.3156 7
2.3164 12
2.3172 3
2.318 6
2.3188 6
2.3196 8
2.3204 9
2.3212 8
2.322 17
2.3228 11
2.3236 8
2.3244 11
2.3252 14
2.326 6
2.3268 4
2.3276 12
2.3284 5
2.3292 4
2.33 8
2.3308 7
2.3316 7
2.3324 7
2.3332 11
2.334 8
2.3348 11
2.3356 7
2.3364 10
2.3372 9
2.338 7
2.3388 11
2.3396 10
2.3404 5
2.3412 7
2.342 4
2.3428 6
2.3436 8
2.3444 7
2.3452 10
2.346 5
2.3468 9
2.3476 4
2.3484 4
2.3492 14
2.35 12
2.3508 8
2.3516 5
2.3524 5
2.3532 8
2.354 11
2.3548 10
2.3556 9
2.3564 11
2.3572 7
2.358 7
2.3588 4
2.3596 6
2.3604 6
2.3612 7
2.362 7
2.3628 16
2.3636 8
2.3644 8
2.3652 8
2.366 11
2.3668 13
2.3676 10
2.3684 5
2.3692 10
2.37 7
2.3708 12
2.3716 8
2.3724 3
2.3732 9
2.374 7
2.3748 6
2.3756 13
2.3764 5
2.3772 11
2.378 8
2.3788 7
2.3796 11
2.3804 4
2.3812 10
2.382 6
2.3828 8
2.3836 7
2.3844 6
2.3852 11
2.386 9
2.3868 9
2.3876 11
2.3884 4
2.3892 6
2.39 8
2.3908 5
2.3916 10
2.3924 9
2.3932 4
2.394 4
2.3948 10
2.3956 9
2.3964 12
2.3972 1
2.398 5
2.3988 11
2.3996 8
2.4004 3
2.4012 7
2.402 8
2.4028 8
2.4036 11
2.4044 9
2.4052 7
2.406 8
2.4068 6
2.4076 5
2.4084 6
2.4092 8
2.41 10
2.4108 7
2.4116 4
2.4124 7
2.4132 5
2.414 10
2.4148 2
2.4156 3
2.4164 8
2.4172 8
2.418 3
2.4188 6
2.4196 5
2.4204 10
2.4212 4
2.422 7
2.4228 8
2.4236 3
2.4244 9
2.4252 5
2.426 9
2.4268 3
2.4276 4
2.4284 13
2.4292 4
2.43 8
2.4308 5
2.4316 13
2.4324 3
2.4332 6
2.434 5
2.4348 5
2.4356 4
2.4364 7
2.4372 5
2.438 9
2.4388 11
2.4396 10
2.4404 14
2.4412 8
2.442 4
2.4428 5
2.4436 10
2.4444 7
2.4452 6
2.446 6
2.4468 8
2.4476 8
2.4484 5
2.4492 8
2.45 9
2.4508 10
2.4516 4
2.4524 6
2.4532 7
2.454 5
2.4548 5
2.4556 3
2.4564 12
2.4572 6
2.458 6
2.4588 5
2.4596 6
2.4604 4
2.4612 4
2.462 7
2.4628 5
2.4636 5
2.4644 8
2.4652 9
2.466 4
2.4668 6
2.4676 10
2.4684 6
2.4692 4
2.47 6
2.4708 6
2.4716 7
2.4724 7
2.4732 5
2.474 6
2.4748 6
2.4756 4
2.4764 6
2.4772 7
2.478 4
2.4788 6
2.4796 11
2.4804 8
2.4812 6
2.482 4
2.4828 5
2.4836 2
2.4844 7
2.4852 6
2.486 9
2.4868 9
2.4876 7
2.4884 2
2.4892 5
2.49 2
2.4908 3
2.4916 4
2.4924 0
2.4932 8
2.494 2
2.4948 4
2.4956 4
2.4964 5
2.4972 6
2.498 8
2.4988 3
2.4996 6
2.5004 3
2.5012 7
2.502 2
2.5028 9
2.5036 5
2.5044 5
2.5052 7
2.506 3
2.5068 8
2.5076 6
2.5084 4
2.5092 6
2.51 6
2.5108 6
2.5116 5
2.5124 8
2.5132 7
2.514 4
2.5148 2
2.5156 8
2.5164 3
2.5172 6
2.518 8
2.5188 8
2.5196 4
2.5204 5
2.5212 5
2.522 3
2.5228 3
2.5236 4
2.5244 6
2.5252 8
2.526 5
2.5268 7
2.5276 3
2.5284 10
2.5292 8
2.53 4
2.5308 8
2.5316 5
2.5324 7
2.5332 6
2.534 6
2.5348 5
2.5356 2
2.5364 2
2.5372 2
2.538 4
2.5388 7
2.5396 6
2.5404 2
2.5412 9
2.542 5
2.5428 7
2.5436 3
2.5444 2
2.5452 5
2.546 1
2.5468 5
2.5476 3
2.5484 9
2.5492 2
2.55 4
2.5508 3
2.5516 6
2.5524 3
2.5532 3
2.554 4
2.5548 7
2.5556 4
2.5564 7
2.5572 4
2.558 9
2.5588 4
2.5596 8
2.5604 3
2.5612 4
2.562 3
2.5628 9
2.5636 5
2.5644 4
2.5652 6
2.566 7
2.5668 4
2.5676 2
2.5684 5
2.5692 8
2.57 3
2.5708 2
2.5716 5
2.5724 4
2.5732 4
2.574 1
2.5748 3
2.5756 2
2.5764 2
2.5772 3
2.578 4
2.5788 5
2.5796 4
2.5804 2
2.5812 3
2.582 1
2.5828 7
2.5836 5
2.5844 5
2.5852 7
2.586 4
2.5868 5
2.5876 9
2.5884 2
2.5892 6
2.59 1
2.5908 3
2.5916 4
2.5924 4
2.5932 3
2.594 6
2.5948 2
2.5956 6
2.5964 4
2.5972 8
2.598 1
2.5988 4
2.5996 2
2.6004 7
2.6012 7
2.602 10
2.6028 6
2.6036 3
2.6044 2
2.6052 5
2.606 9
2.6068 1
2.6076 7
2.6084 4
2.6092 8
2.61 7
2.6108 4
2.6116 3
2.6124 2
2.6132 2
2.614 5
2.6148 3
2.6156 3
2.6164 5
2.6172 2
2.618 2
2.6188 2
2.6196 7
2.6204 7
2.6212 3
2.622 2
2.6228 4
2.6236 2
2.6244 4
2.6252 3
2.626 1
2.6268 6
2.6276 1
2.6284 4
2.6292 3
2.63 6
2.6308 5
2.6316 8
2.6324 2
2.6332 4
2.634 1
2.6348 4
2.6356 6
2.6364 3
2.6372 4
2.638 2
2.6388 0
2.6396 0
2.6404 4
2.6412 3
2.642 5
2.6428 1
2.6436 5
2.6444 3
2.6452 7
2.646 1
2.6468 5
2.6476 3
2.6484 7
2.6492 1
2.65 2
2.6508 5
2.6516 1
2.6524 3
2.6532 2
2.654 4
2.6548 1
2.6556 2
2.6564 2
2.6572 4
2.658 6
2.6588 5
2.6596 3
2.6604 2
2.6612 7
2.662 2
2.6628 5
2.6636 1
2.6644 7
2.6652 1
2.666 3
2.6668 4
2.6676 4
2.6684 7
2.6692 3
2.67 4
2.6708 3
2.6716 5
2.6724 2
2.6732 2
2.674 1
2.6748 2
2.6756 3
2.6764 0
2.6772 6
2.678 2
2.6788 3
2.6796 7
2.6804 3
2.6812 1
2.682 1
2.6828 1
2.6836 6
2.6844 5
2.6852 6
2.686 0
2.6868 1
2.6876 5
2.6884 1
2.6892 1
2.69 1
2.6908 5
2.6916 5
2.6924 2
2.6932 7
2.694 7
2.6948 2
2.6956 2
2.6964 3
2.6972 1
2.698 1
2.6988 2
2.6996 1
2.7004 2
2.7012 3
2.702 6
2.7028 2
2.7036 5
2.7044 5
2.7052 5
2.706 2
2.7068 0
2.7076 4
2.7084 3
2.7092 3
2.71 1
2.7108 2
2.7116 8
2.7124 2
2.7132 5
2.714 3
2.7148 2
2.7156 2
2.7164 5
2.7172 3
2.718 2
2.7188 4
2.7196 1
2.7204 3
2.7212 4
2.722 3
2.7228 6
2.7236 5
2.7244 2
2.7252 4
2.726 2
2.7268 4
2.7276 1
2.7284 2
2.7292 4
2.73 5
2.7308 0
2.7316 1
2.7324 2
2.7332 2
2.734 2
2.7348 0
2.7356 3
2.7364 1
2.7372 0
2.738 3
2.7388 1
2.7396 1
2.7404 2
2.7412 2
2.742 0
2.7428 4
2.7436 0
2.7444 0
2.7452 3
2.746 4
2.7468 4
2.7476 1
2.7484 0
2.7492 3
2.75 2
2.7508 4
2.7516 4
2.7524 4
2.7532 2
2.754 2
2.7548 1
2.7556 2
2.7564 3
2.7572 0
2.758 1
2.7588 0
2.7596 2
2.7604 5
2.7612 1
2.762 2
2.7628 1
2.7636 2
2.7644 0
2.7652 3
2.766 0
2.7668 3
2.7676 4
2.7684 1
2.7692 0
2.77 1
2.7708 5
2.7716 5
2.7724 2
2.7732 1
2.774 2
2.7748 6
2.7756 0
2.7764 1
2.7772 3
2.778 5
2.7788 3
2.7796 4
2.7804 3
2.7812 3
2.782 0
2.7828 4
2.7836 3
2.7844 5
2.7852 4
2.786 1
2.7868 2
2.7876 2
2.7884 3
2.7892 3
2.79 4
2.7908 1
2.7916 3
2.7924 3
2.7932 5
2.794 2
2.7948 0
2.7956 0
2.7964 1
2.7972 1
2.798 2
2.7988 0
2.7996 4
2.8004 6
2.8012 4
2.802 4
2.8028 1
2.8036 5
2.8044 2
2.8052 1
2.806 3
2.8068 5
2.8076 1
2.8084 0
2.8092 3
2.81 3
2.8108 0
2.8116 3
2.8124 0
2.8132 2
2.814 3
2.8148 3
2.8156 1
2.8164 1
2.8172 3
2.818 3
2.8188 4
2.8196 1
2.8204 1
2.8212 2
2.822 1
2.8228 3
2.8236 3
2.8244 0
2.8252 2
2.826 0
2.8268 2
2.8276 3
2.8284 5
2.8292 3
2.83 0
2.8308 5
2.8316 1
2.8324 2
2.8332 2
2.834 3
2.8348 6
2.8356 1
2.8364 1
2.8372 1
2.838 2
2.8388 4
2.8396 3
2.8404 0
2.8412 2
2.842 2
2.8428 1
2.8436 2
2.8444 0
2.8452 3
2.846 3
2.8468 0
2.8476 3
2.8484 3
2.8492 2
2.85 2
2.8508 2
2.8516 3
2.8524 4
2.8532 1
2.854 1
2.8548 4
2.8556 0
2.8564 1
2.8572 1
2.858 3
2.8588 3
2.8596 2
2.8604 2
2.8612 2
2.862 0
2.8628 1
2.8636 3
2.8644 2
2.8652 4
2.866 1
2.8668 1
2.8676 3
2.8684 1
2.8692 2
2.87 3
2.8708 1
2.8716 3
2.8724 5
2.8732 1
2.874 0
2.8748 4
2.8756 2
2.8764 2
2.8772 2
2.878 1
2.8788 3
2.8796 4
2.8804 4
2.8812 1
2.882 0
2.8828 0
2.8836 1
2.8844 3
2.8852 2
2.886 1
2.8868 0
2.8876 2
2.8884 3
2.8892 2
2.89 2
2.8908 6
2.8916 2
2.8924 1
2.8932 2
2.894 3
2.8948 1
2.8956 1
2.8964 5
2.8972 1
2.898 2
2.8988 2
2.8996 3
2.9004 1
2.9012 1
2.902 3
2.9028 4
2.9036 1
2.9044 3
2.9052 1
2.906 1
2.9068 1
2.9076 2
2.9084 2
2.9092 2
2.91 1
2.9108 3
2.9116 2
2.9124 0
2.9132 1
2.914 0
2.9148 0
2.9156 2
2.9164 1
2.9172 5
2.918 1
2.9188 5
2.9196 1
2.9204 0
2.9212 3
2.922 2
2.9228 1
2.9236 2
2.9244 1
2.9252 1
2.926 1
2.9268 2
2.9276 1
2.9284 4
2.9292 1
2.93 1
2.9308 1
2.9316 3
2.9324 1
2.9332 3
2.934 3
2.9348 2
2.9356 0
2.9364 0
2.9372 0
2.938 1
2.9388 1
2.9396 2
2.9404 1
2.9412 1
2.942 2
2.9428 1
2.9436 1
2.9444 4
2.9452 1
2.946 1
2.9468 0
2.9476 0
2.9484 1
2.9492 2
2.95 2
2.9508 1
2.9516 1
2.9524 2
2.9532 4
2.954 2
2.9548 2
2.9556 0
2.9564 0
2.9572 3
2.958 1
2.9588 0
2.9596 0
2.9604 1
2.9612 0
2.962 0
2.9628 1
2.9636 0
2.9644 1
2.9652 3
2.966 3
2.9668 4
2.9676 2
2.9684 3
2.9692 1
2.97 1
2.9708 1
2.9716 0
2.9724 0
2.9732 0
2.974 2
2.9748 1
2.9756 0
2.9764 2
2.9772 2
2.978 3
2.9788 2
2.9796 3
2.9804 2
2.9812 0
2.982 1
2.9828 0
2.9836 1
2.9844 3
2.9852 1
2.986 2
2.9868 1
2.9876 4
2.9884 3
2.9892 3
2.99 2
2.9908 1
2.9916 1
2.9924 2
2.9932 2
2.994 0
2.9948 3
2.9956 0
2.9964 1
2.9972 1
2.998 3
2.9988 2
2.9996 0
3.0004 3
3.0012 2
3.002 0
3.0028 1
3.0036 1
3.0044 0
3.0052 1
3.006 0
3.0068 0
3.0076 0
3.0084 1
3.0092 2
3.01 1
3.0108 0
3.0116 2
3.0124 0
3.0132 1
3.014 1
3.0148 5
3.0156 3
3.0164 1
3.0172 5
3.018 0
3.0188 2
3.0196 1
3.0204 2
3.0212 1
3.022 0
3.0228 3
3.0236 0
3.0244 2
3.0252 1
3.026 2
3.0268 1
3.0276 1
3.0284 0
3.0292 2
3.03 0
3.0308 1
3.0316 2
3.0324 4
3.0332 1
3.034 3
3.0348 1
3.0356 1
3.0364 2
3.0372 0
3.038 0
3.0388 1
3.0396 1
3.0404 1
3.0412 1
3.042 1
3.0428 3
3.0436 1
3.0444 1
3.0452 1
3.046 1
3.0468 3
3.0476 2
3.0484 0
3.0492 0
3.05 2
3.0508 2
3.0516 2
3.0524 0
3.0532 0
3.054 0
3.0548 1
3.0556 2
3.0564 0
3.0572 0
3.058 3
3.0588 2
3.0596 2
3.0604 1
3.0612 1
3.062 1
3.0628 1
3.0636 0
3.0644 1
3.0652 1
3.066 2
3.0668 1
3.0676 1
3.0684 0
3.0692 1
3.07 1
3.0708 2
3.0716 0
3.0724 0
3.0732 1
3.074 0
3.0748 2
3.0756 2
3.0764 2
3.0772 1
3.078 3
3.0788 2
3.0796 1
3.0804 0
3.0812 3
3.082 1
3.0828 3
3.0836 1
3.0844 2
3.0852 1
3.086 2
3.0868 1
3.0876 1
3.0884 3
3.0892 0
3.09 1
3.0908 4
3.0916 3
3.0924 2
3.0932 1
3.094 2
3.0948 0
3.0956 1
3.0964 0
3.0972 2
3.098 3
3.0988 1
3.0996 2
3.1004 2
3.1012 0
3.102 0
3.1028 1
3.1036 2
3.1044 0
3.1052 4
3.106 2
3.1068 1
3.1076 3
3.1084 0
3.1092 2
3.11 0
3.1108 1
3.1116 0
3.1124 0
3.1132 1
3.114 1
3.1148 0
3.1156 2
3.1164 1
3.1172 1
3.118 3
3.1188 1
3.1196 2
3.1204 1
3.1212 2
3.122 1
3.1228 4
3.1236 2
3.1244 0
3.1252 2
3.126 1
3.1268 2
3.1276 1
3.1284 0
3.1292 0
3.13 1
3.1308 1
3.1316 1
3.1324 0
3.1332 0
3.134 1
3.1348 1
3.1356 0
3.1364 0
3.1372 1
3.138 1
3.1388 0
3.1396 1
3.1404 0
3.1412 2
3.142 3
3.1428 1
3.1436 0
3.1444 0
3.1452 1
3.146 1
3.1468 1
3.1476 1
3.1484 1
3.1492 0
3.15 0
3.1508 0
3.1516 2
3.1524 2
3.1532 0
3.154 3
3.1548 1
3.1556 2
3.1564 0
3.1572 0
3.158 0
3.1588 2
3.1596 0
3.1604 0
3.1612 3
3.162 1
3.1628 0
3.1636 1
3.1644 1
3.1652 0
3.166 0
3.1668 0
3.1676 1
3.1684 0
3.1692 1
3.17 0
3.1708 1
3.1716 0
3.1724 1
3.1732 2
3.174 0
3.1748 0
3.1756 0
3.1764 0
3.1772 1
3.178 2
3.1788 1
3.1796 2
3.1804 1
3.1812 1
3.182 0
3.1828 0
3.1836 1
3.1844 0
3.1852 0
3.186 1
3.1868 0
3.1876 1
3.1884 2
3.1892 0
3.19 0
3.1908 2
3.1916 0
3.1924 0
3.1932 1
3.194 0
3.1948 0
3.1956 0
3.1964 3
3.1972 1
3.198 2
3.1988 0
3.1996 1
3.2004 0
3.2012 1
3.202 1
3.2028 2
3.2036 0
3.2044 1
3.2052 2
3.206 0
3.2068 0
3.2076 1
3.2084 1
3.2092 0
3.21 1
3.2108 1
3.2116 0
3.2124 0
3.2132 1
3.214 1
3.2148 0
3.2156 1
3.2164 1
3.2172 0
3.218 2
3.2188 2
3.2196 0
3.2204 0
3.2212 1
3.222 1
3.2228 1
3.2236 1
3.2244 3
3.2252 2
3.226 2
3.2268 0
3.2276 3
3.2284 2
3.2292 0
3.23 1
3.2308 0
3.2316 0
3.2324 1
3.2332 2
3.234 0
3.2348 1
3.2356 1
3.2364 1
3.2372 1
3.238 1
3.2388 1
3.2396 0
3.2404 1
3.2412 0
3.242 1
3.2428 0
3.2436 1
3.2444 1
3.2452 1
3.246 2
3.2468 0
3.2476 1
3.2484 0
3.2492 1
3.25 0
3.2508 1
3.2516 0
3.2524 0
3.2532 0
3.254 2
3.2548 0
3.2556 1
3.2564 1
3.2572 0
3.258 0
3.2588 0
3.2596 0
3.2604 0
3.2612 0
3.262 0
3.2628 1
3.2636 0
3.2644 0
3.2652 0
3.266 2
3.2668 0
3.2676 0
3.2684 2
3.2692 1
3.27 0
3.2708 1
3.2716 1
3.2724 0
3.2732 0
3.274 0
3.2748 1
3.2756 2
3.2764 0
3.2772 1
3.278 1
3.2788 0
3.2796 1
3.2804 2
3.2812 1
3.282 1
3.2828 0
3.2836 0
3.2844 1
3.2852 0
3.286 1
3.2868 2
3.2876 0
3.2884 1
3.2892 1
3.29 0
3.2908 0
3.2916 1
3.2924 1
3.2932 2
3.294 1
3.2948 1
3.2956 0
3.2964 0
3.2972 0
3.298 1
3.2988 1
3.2996 0
3.3004 0
3.3012 0
3.302 1
3.3028 1
3.3036 0
3.3044 0
3.3052 1
3.306 1
3.3068 0
3.3076 0
3.3084 1
3.3092 1
3.31 1
3.3108 1
3.3116 1
3.3124 0
3.3132 2
3.314 2
3.3148 1
3.3156 0
3.3164 1
3.3172 1
3.318 0
3.3188 0
3.3196 2
3.3204 2
3.3212 0
3.322 1
3.3228 0
3.3236 1
3.3244 1
3.3252 0
3.326 0
3.3268 0
3.3276 1
3.3284 0
3.3292 0
3.33 0
3.3308 0
3.3316 0
3.3324 0
3.3332 1
3.334 1
3.3348 0
3.3356 0
3.3364 0
3.3372 0
3.338 1
3.3388 0
3.3396 1
3.3404 0
3.3412 2
3.342 0
3.3428 0
3.3436 0
3.3444 0
3.3452 1
3.346 0
3.3468 2
3.3476 0
3.3484 1
3.3492 1
3.35 0
3.3508 0
3.3516 0
3.3524 1
3.3532 0
3.354 0
3.3548 1
3.3556 0
3.3564 0
3.3572 0
3.358 1
3.3588 3
3.3596 1
3.3604 0
3.3612 0
3.362 1
3.3628 0
3.3636 0
3.3644 1
3.3652 1
3.366 1
3.3668 1
3.3676 1
3.3684 1
3.3692 0
3.37 1
3.3708 0
3.3716 0
3.3724 0
3.3732 0
3.374 1
3.3748 0
3.3756 0
3.3764 0
3.3772 0
3.378 1
3.3788 1
3.3796 1
3.3804 0
3.3812 1
3.382 0
3.3828 0
3.3836 0
3.3844 0
3.3852 1
3.386 0
3.3868 1
3.3876 0
3.3884 0
3.3892 0
3.39 1
3.3908 0
3.3916 2
3.3924 0
3.3932 0
3.394 2
3.3948 0
3.3956 1
3.3964 0
3.3972 1
3.398 0
3.3988 0
3.3996 2
3.4004 2
3.4012 1
3.402 0
3.4028 1
3.4036 1
3.4044 0
3.4052 1
3.406 0
3.4068 0
3.4076 0
3.4084 0
3.4092 0
3.41 2
3.4108 1
3.4116 0
3.4124 1
3.4132 2
3.414 3
3.4148 1
3.4156 0
3.4164 0
3.4172 0
3.418 1
3.4188 0
3.4196 0
3.4204 0
3.4212 1
3.422 0
3.4228 2
3.4236 1
3.4244 0
3.4252 1
3.426 0
3.4268 0
3.4276 2
3.4284 1
3.4292 1
3.43 0
3.4308 1
3.4316 0
3.4324 0
3.4332 0
3.434 0
3.4348 0
3.4356 1
3.4364 1
3.4372 0
3.438 0
3.4388 0
3.4396 1
3.4404 0
3.4412 1
3.442 0
3.4428 0
3.4436 0
3.4444 0
3.4452 0
3.446 0
3.4468 0
3.4476 0
3.4484 0
3.4492 0
3.45 0
3.4508 0
3.4516 0
3.4524 1
3.4532 0
3.454 0
3.4548 0
3.4556 0
3.4564 0
3.4572 0
3.458 0
3.4588 0
3.4596 0
3.4604 0
3.4612 0
3.462 0
3.4628 1
3.4636 0
3.4644 0
3.4652 1
3.466 0
3.4668 1
3.4676 0
3.4684 0
3.4692 0
3.47 1
3.4708 0
3.4716 0
3.4724 1
3.4732 0
3.474 0
3.4748 0
3.4756 0
3.4764 0
3.4772 0
3.478 1
3.4788 1
3.4796 0
3.4804 1
3.4812 0
3.482 2
3.4828 1
3.4836 0
3.4844 1
3.4852 0
3.486 1
3.4868 0
3.4876 0
3.4884 0
3.4892 1
3.49 0
3.4908 0
3.4916 1
3.4924 2
3.4932 0
3.494 0
3.4948 1
3.4956 0
3.4964 0
3.4972 0
3.498 0
3.4988 0
3.4996 0
3.5004 0
3.5012 1
3.502 2
3.5028 0
3.5036 0
3.5044 0
3.5052 1
3.506 0
3.5068 0
3.5076 0
3.5084 1
3.5092 0
3.51 0
3.5108 0
3.5116 0
3.5124 0
3.5132 0
3.514 0
3.5148 1
3.5156 0
3.5164 0
3.5172 0
3.518 2
3.5188 0
3.5196 2
3.5204 0
3.5212 0
3.522 1
3.5228 0
3.5236 0
3.5244 0
3.5252 0
3.526 0
3.5268 0
3.5276 0
3.5284 0
3.5292 1
3.53 0
3.5308 0
3.5316 0
3.5324 0
3.5332 1
3.534 0
3.5348 0
3.5356 0
3.5364 0
3.5372 1
3.538 0
3.5388 0
3.5396 0
3.5404 1
3.5412 1
3.542 0
3.5428 0
3.5436 0
3.5444 1
3.5452 0
3.546 0
3.5468 0
3.5476 0
3.5484 0
3.5492 0
3.55 0
3.5508 2
3.5516 0
3.5524 1
3.5532 0
3.554 0
3.5548 1
3.5556 0
3.5564 0
3.5572 0
3.558 1
3.5588 0
3.5596 1
3.5604 1
3.5612 0
3.562 1
3.5628 0
3.5636 0
3.5644 0
3.5652 0
3.566 0
3.5668 0
3.5676 0
3.5684 0
3.5692 0
3.57 1
3.5708 0
3.5716 0
3.5724 0
3.5732 0
3.574 1
3.5748 0
3.5756 0
3.5764 0
3.5772 1
3.578 0
3.5788 0
3.5796 0
3.5804 0
3.5812 0
3.582 0
3.5828 0
3.5836 0
3.5844 0
3.5852 1
3.586 0
3.5868 1
3.5876 0
3.5884 0
3.5892 0
3.59 0
3.5908 0
3.5916 1
3.5924 1
3.5932 0
3.594 0
3.5948 0
3.5956 1
3.5964 0
3.5972 0
3.598 0
3.5988 0
3.5996 0
3.6004 0
3.6012 0
3.602 0
3.6028 1
3.6036 0
3.6044 0
3.6052 0
3.606 0
3.6068 0
3.6076 1
3.6084 0
3.6092 0
3.61 0
3.6108 1
3.6116 0
3.6124 1
3.6132 0
3.614 1
3.6148 0
3.6156 0
3.6164 0
3.6172 0
3.618 1
3.6188 1
3.6196 1
3.6204 0
3.6212 1
3.622 0
3.6228 1
3.6236 0
3.6244 1
3.6252 0
3.626 0
3.6268 0
3.6276 0
3.6284 1
3.6292 0
3.63 0
3.6308 0
3.6316 0
3.6324 0
3.6332 0
3.634 0
3.6348 1
3.6356 0
3.6364 0
3.6372 0
3.638 0
3.6388 0
3.6396 0
3.6404 0
3.6412 0
3.642 0
3.6428 0
3.6436 0
3.6444 0
3.6452 1
3.646 0
3.6468 1
3.6476 0
3.6484 0
3.6492 0
3.65 0
3.6508 0
3.6516 0
3.6524 0
3.6532 0
3.654 0
3.6548 2
3.6556 0
3.6564 0
3.6572 0
3.658 0
3.6588 1
3.6596 0
3.6604 0
3.6612 0
3.662 0
3.6628 0
3.6636 0
3.6644 0
3.6652 0
3.666 0
3.6668 0
3.6676 1
3.6684 0
3.6692 0
3.67 0
3.6708 1
3.6716 0
3.6724 0
3.6732 0
3.674 0
3.6748 0
3.6756 0
3.6764 0
3.6772 0
3.678 0
3.6788 0
3.6796 0
3.6804 1
3.6812 0
3.682 0
3.6828 0
3.6836 0
3.6844 0
3.6852 0
3.686 0
3.6868 1
3.6876 0
3.6884 0
3.6892 0
3.69 0
3.6908 0
3.6916 0
3.6924 0
3.6932 0
3.694 0
3.6948 0
3.6956 0
3.6964 0
3.6972 0
3.698 0
3.6988 0
3.6996 3
3.7004 1
3.7012 1
3.702 0
3.7028 0
3.7036 0
3.7044 0
3.7052 0
3.706 1
3.7068 0
3.7076 0
3.7084 0
3.7092 0
3.71 0
3.7108 0
3.7116 0
3.7124 0
3.7132 0
3.714 1
3.7148 0
3.7156 0
3.7164 0
3.7172 0
3.718 0
3.7188 0
3.7196 0
3.7204 1
3.7212 0
3.722 0
3.7228 0
3.7236 1
3.7244 0
3.7252 0
3.726 0
3.7268 0
3.7276 0
3.7284 0
3.7292 0
3.73 0
3.7308 0
3.7316 0
3.7324 0
3.7332 0
3.734 0
3.7348 0
3.7356 1
3.7364 0
3.7372 0
3.738 1
3.7388 0
3.7396 0
3.7404 0
3.7412 0
3.742 0
3.7428 0
3.7436 0
3.7444 0
3.7452 1
3.746 0
3.7468 0
3.7476 0
3.7484 0
3.7492 0
3.75 1
3.7508 0
3.7516 0
3.7524 1
3.7532 0
3.754 0
3.7548 0
3.7556 0
3.7564 0
3.7572 0
3.758 1
3.7588 0
3.7596 0
3.7604 0
3.7612 0
3.762 0
3.7628 0
3.7636 0
3.7644 0
3.7652 0
3.766 1
3.7668 0
3.7676 0
3.7684 0
3.7692 0
3.77 0
3.7708 1
3.7716 0
3.7724 0
3.7732 1
3.774 0
3.7748 1
3.7756 0
3.7764 0
3.7772 0
3.778 0
3.7788 0
3.7796 0
3.7804 0
3.7812 0
3.782 0
3.7828 0
3.7836 0
3.7844 0
3.7852 0
3.786 0
3.7868 1
3.7876 0
3.7884 0
3.7892 0
3.79 0
3.7908 0
3.7916 0
3.7924 0
3.7932 0
3.794 0
3.7948 0
3.7956 0
3.7964 0
3.7972 0
3.798 0
3.7988 0
3.7996 0
3.8004 0
3.8012 0
3.802 0
3.8028 0
3.8036 0
3.8044 0
3.8052 0
3.806 0
3.8068 0
3.8076 0
3.8084 1
3.8092 0
3.81 0
3.8108 0
3.8116 0
3.8124 0
3.8132 0
3.814 0
3.8148 1
3.8156 1
3.8164 0
3.8172 0
3.818 0
3.8188 1
3.8196 0
3.8204 0
3.8212 0
3.822 1
3.8228 1
3.8236 0
3.8244 0
3.8252 0
3.826 0
3.8268 0
3.8276 0
3.8284 0
3.8292 0
3.83 0
3.8308 1
3.8316 0
3.8324 0
3.8332 0
3.834 0
3.8348 1
3.8356 0
3.8364 0
3.8372 0
3.838 0
3.8388 0
3.8396 0
3.8404 0
3.8412 0
3.842 0
3.8428 1
3.8436 0
3.8444 0
3.8452 0
3.846 0
3.8468 0
3.8476 0
3.8484 0
3.8492 1
3.85 1
3.8508 0
3.8516 0
3.8524 1
3.8532 0
3.854 1
3.8548 0
3.8556 0
3.8564 0
3.8572 0
3.858 1
3.8588 0
3.8596 0
3.8604 1
3.8612 0
3.862 0
3.8628 0
3.8636 0
3.8644 0
3.8652 0
3.866 0
3.8668 0
3.8676 0
3.8684 0
3.8692 0
3.87 0
3.8708 1
3.8716 0
3.8724 0
3.8732 0
3.874 0
3.8748 0
3.8756 0
3.8764 0
3.8772 0
3.878 0
3.8788 0
3.8796 0
3.8804 0
3.8812 0
3.882 0
3.8828 0
3.8836 0
3.8844 0
3.8852 1
3.886 0
3.8868 0
3.8876 0
3.8884 0
3.8892 0
3.89 0
3.8908 0
3.8916 0
3.8924 0
3.8932 0
3.894 0
3.8948 0
3.8956 0
3.8964 0
3.8972 0
3.898 1
3.8988 0
3.8996 0
3.9004 0
3.9012 0
3.902 0
3.9028 0
3.9036 0
3.9044 1
3.9052 0
3.906 0
3.9068 0
3.9076 0
3.9084 0
3.9092 0
3.91 0
3.9108 0
3.9116 0
3.9124 0
3.9132 0
3.914 1
3.9148 0
3.9156 0
3.9164 0
3.9172 0
3.918 0
3.9188 0
3.9196 0
3.9204 0
3.9212 0
3.922 0
3.9228 0
3.9236 0
3.9244 0
3.9252 0
3.926 1
3.9268 0
3.9276 0
3.9284 0
3.9292 0
3.93 1
3.9308 0
3.9316 1
3.9324 0
3.9332 1
3.934 0
3.9348 1
3.9356 0
3.9364 0
3.9372 0
3.938 0
3.9388 0
3.9396 0
3.9404 0
3.9412 0
3.942 0
3.9428 0
3.9436 0
3.9444 0
3.9452 0
3.946 0
3.9468 1
3.9476 0
3.9484 0
3.9492 0
3.95 0
3.9508 0
3.9516 0
3.9524 0
3.9532 0
3.954 0
3.9548 0
3.9556 0
3.9564 0
3.9572 1
3.958 0
3.9588 1
3.9596 0
3.9604 0
3.9612 0
3.962 0
3.9628 0
3.9636 0
3.9644 0
3.9652 0
3.966 0
3.9668 0
3.9676 0
3.9684 0
3.9692 0
3.97 0
3.9708 0
3.9716 0
3.9724 0
3.9732 0
3.974 0
3.9748 0
3.9756 0
3.9764 0
3.9772 0
3.978 0
3.9788 0
3.9796 0
3.9804 0
3.9812 0
3.982 0
3.9828 0
3.9836 0
3.9844 0
3.9852 0
3.986 0
3.9868 0
3.9876 1
3.9884 0
3.9892 0
3.99 0
3.9908 0
3.9916 0
3.9924 0
3.9932 0
3.994 0
3.9948 0
3.9956 0
3.9964 0
3.9972 0
3.998 0
3.9988 0
3.9996 0
4.0004 0
4.0012 0
4.002 0
4.0028 0
4.0036 0
4.0044 0
4.0052 0
4.006 0
4.0068 1
4.0076 1
4.0084 0
4.0092 1
4.01 0
4.0108 1
4.0116 0
4.0124 0
4.0132 0
4.014 1
4.0148 1
4.0156 0
4.0164 0
4.0172 0
4.018 1
4.0188 0
4.0196 0
4.0204 0
4.0212 1
4.022 0
4.0228 0
4.0236 0
4.0244 0
4.0252 0
4.026 0
4.0268 0
4.0276 0
4.0284 0
4.0292 0
4.03 0
4.0308 0
4.0316 0
4.0324 0
4.0332 1
4.034 0
4.0348 0
4.0356 0
4.0364 0
4.0372 0
4.038 0
4.0388 1
4.0396 0
4.0404 0
4.0412 0
4.042 0
4.0428 0
4.0436 0
4.0444 0
4.0452 0
4.046 0
4.0468 0
4.0476 1
4.0484 0
4.0492 0
4.05 0
4.0508 0
4.0516 0
4.0524 0
4.0532 1
4.054 0
4.0548 0
4.0556 0
4.0564 0
4.0572 0
4.058 0
4.0588 1
4.0596 0
4.0604 0
4.0612 0
4.062 0
4.0628 1
4.0636 0
4.0644 0
4.0652 0
4.066 0
4.0668 1
4.0676 0
4.0684 0
4.0692 0
4.07 0
4.0708 0
4.0716 0
4.0724 0
4.0732 0
4.074 0
4.0748 0
4.0756 0
4.0764 0
4.0772 0
4.078 0
4.0788 0
4.0796 0
4.0804 0
4.0812 0
4.082 0
4.0828 0
4.0836 0
4.0844 0
4.0852 0
4.086 0
4.0868 0
4.0876 0
4.0884 0
4.0892 0
4.09 0
4.0908 1
4.0916 0
4.0924 0
4.0932 0
4.094 0
4.0948 0
4.0956 0
4.0964 0
4.0972 0
4.098 0
4.0988 0
4.0996 0
4.1004 0
4.1012 0
4.102 0
4.1028 0
4.1036 0
4.1044 0
4.1052 1
4.106 0
4.1068 0
4.1076 0
4.1084 0
4.1092 0
4.11 0
4.1108 0
4.1116 0
4.1124 1
4.1132 0
4.114 0
4.1148 0
4.1156 0
4.1164 0
4.1172 0
4.118 0
4.1188 0
4.1196 0
4.1204 0
4.1212 0
4.122 0
4.1228 0
4.1236 0
4.1244 0
4.1252 0
4.126 0
4.1268 0
4.1276 0
4.1284 0
4.1292 0
4.13 0
4.1308 0
4.1316 0
4.1324 0
4.1332 0
4.134 0
4.1348 0
4.1356 0
4.1364 0
4.1372 0
4.138 0
4.1388 0
4.1396 0
4.1404 0
4.1412 0
4.142 0
4.1428 0
4.1436 0
4.1444 0
4.1452 0
4.146 0
4.1468 0
4.1476 1
4.1484 0
4.1492 0
4.15 1
4.1508 0
4.1516 0
4.1524 0
4.1532 0
4.154 0
4.1548 0
4.1556 0
4.1564 0
4.1572 0
4.158 0
4.1588 0
4.1596 1
4.1604 0
4.1612 0
4.162 0
4.1628 0
4.1636 0
4.1644 0
4.1652 0
4.166 0
4.1668 0
4.1676 0
4.1684 0
4.1692 0
4.17 0
4.1708 0
4.1716 0
4.1724 0
4.1732 0
4.174 0
4.1748 0
4.1756 0
4.1764 0
4.1772 0
4.178 1
4.1788 0
4.1796 0
4.1804 0
4.1812 0
4.182 0
4.1828 0
4.1836 0
4.1844 0
4.1852 0
4.186 0
4.1868 0
4.1876 1
4.1884 0
4.1892 1
4.19 0
4.1908 0
4.1916 0
4.1924 0
4.1932 0
4.194 0
4.1948 0
4.1956 0
4.1964 0
4.1972 0
4.198 0
4.1988 0
4.1996 0
4.2004 0
4.2012 0
4.202 0
4.2028 0
4.2036 0
4.2044 0
4.2052 0
4.206 0
4.2068 0
4.2076 1
4.2084 0
4.2092 0
4.21 0
4.2108 0
4.2116 0
4.2124 0
4.2132 0
4.214 0
4.2148 0
4.2156 0
4.2164 0
4.2172 0
4.218 0
4.2188 0
4.2196 0
4.2204 0
4.2212 0
4.222 0
4.2228 0
4.2236 0
4.2244 0
4.2252 0
4.226 0
4.2268 0
4.2276 0
4.2284 0
4.2292 0
4.23 0
4.2308 0
4.2316 0
4.2324 0
4.2332 0
4.234 0
4.2348 0
4.2356 0
4.2364 0
4.2372 0
4.238 0
4.2388 0
4.2396 0
4.2404 0
4.2412 0
4.242 0
4.2428 0
4.2436 0
4.2444 0
4.2452 0
4.246 0
4.2468 0
4.2476 0
4.2484 0
4.2492 0
4.25 0
4.2508 0
4.2516 0
4.2524 0
4.2532 0
4.254 0
4.2548 0
4.2556 0
4.2564 1
4.2572 1
4.258 0
4.2588 0
4.2596 0
4.2604 0
4.2612 0
4.262 0
4.2628 0
4.2636 0
4.2644 0
4.2652 0
4.266 0
4.2668 0
4.2676 0
4.2684 0
4.2692 0
4.27 0
4.2708 0
4.2716 0
4.2724 0
4.2732 0
4.274 0
4.2748 0
4.2756 0
4.2764 0
4.2772 0
4.278 0
4.2788 0
4.2796 0
4.2804 0
4.2812 0
4.282 0
4.2828 0
4.2836 1
4.2844 0
4.2852 0
4.286 0
4.2868 0
4.2876 0
4.2884 0
4.2892 0
4.29 1
4.2908 1
4.2916 0
4.2924 0
4.2932 0
4.294 0
4.2948 0
4.2956 0
4.2964 0
4.2972 0
4.298 0
4.2988 1
4.2996 0
4.3004 0
4.3012 0
4.302 0
4.3028 0
4.3036 0
4.3044 0
4.3052 0
4.306 0
4.3068 0
4.3076 0
4.3084 0
4.3092 0
4.31 0
4.3108 0
4.3116 0
4.3124 0
4.3132 0
4.314 0
4.3148 0
4.3156 0
4.3164 0
4.3172 0
4.318 1
4.3188 0
4.3196 0
4.3204 0
4.3212 0
4.322 0
4.3228 0
4.3236 0
4.3244 0
4.3252 1
4.326 0
4.3268 0
4.3276 0
4.3284 1
4.3292 0
4.33 0
4.3308 0
4.3316 0
4.3324 0
4.3332 0
4.334 0
4.3348 0
4.3356 0
4.3364 0
4.3372 0
4.338 0
4.3388 0
4.3396 0
4.3404 0
4.3412 0
4.342 0
4.3428 0
4.3436 0
4.3444 0
4.3452 0
4.346 0
4.3468 0
4.3476 0
4.3484 0
4.3492 0
4.35 0
4.3508 0
4.3516 0
4.3524 0
4.3532 0
4.354 0
4.3548 0
4.3556 0
4.3564 0
4.3572 0
4.358 0
4.3588 0
4.3596 0
4.3604 0
4.3612 0
4.362 0
4.3628 0
4.3636 0
4.3644 1
4.3652 0
4.366 0
4.3668 0
4.3676 0
4.3684 0
4.3692 0
4.37 0
4.3708 0
4.3716 0
4.3724 1
4.3732 0
4.374 0
4.3748 0
4.3756 0
4.3764 0
4.3772 0
4.378 0
4.3788 0
4.3796 0
4.3804 0
4.3812 0
4.382 0
4.3828 0
4.3836 0
4.3844 0
4.3852 0
4.386 0
4.3868 0
4.3876 0
4.3884 0
4.3892 0
4.39 0
4.3908 0
4.3916 0
4.3924 0
4.3932 0
4.394 0
4.3948 0
4.3956 0
4.3964 0
4.3972 0
4.398 0
4.3988 0
4.3996 0
4.4004 0
4.4012 0
4.402 0
4.4028 0
4.4036 0
4.4044 0
4.4052 0
4.406 0
4.4068 0
4.4076 0
4.4084 0
4.4092 0
4.41 0
4.4108 0
4.4116 0
4.4124 0
4.4132 0
4.414 0
4.4148 0
4.4156 0
4.4164 0
4.4172 0
4.418 0
4.4188 0
4.4196 0
4.4204 0
4.4212 0
4.422 0
4.4228 0
4.4236 0
4.4244 0
4.4252 0
4.426 0
4.4268 0
4.4276 0
4.4284 0
4.4292 0
4.43 0
4.4308 0
4.4316 0
4.4324 0
4.4332 0
4.434 0
4.4348 0
4.4356 0
4.4364 0
4.4372 0
4.438 0
4.4388 0
4.4396 0
4.4404 0
4.4412 0
4.442 0
4.4428 0
4.4436 0
4.4444 0
4.4452 0
4.446 0
4.4468 1
4.4476 0
4.4484 0
4.4492 0
4.45 0
4.4508 0
4.4516 0
4.4524 0
4.4532 0
4.454 0
4.4548 0
4.4556 0
4.4564 0
4.4572 0
4.458 0
4.4588 0
4.4596 0
4.4604 0
4.4612 0
4.462 0
4.4628 0
4.4636 0
4.4644 0
4.4652 0
4.466 0
4.4668 0
4.4676 0
4.4684 0
4.4692 0
4.47 0
4.4708 0
4.4716 0
4.4724 0
4.4732 0
4.474 0
4.4748 0
4.4756 0
4.4764 0
4.4772 0
4.478 0
4.4788 0
4.4796 0
4.4804 0
4.4812 0
4.482 0
4.4828 0
4.4836 0
4.4844 0
4.4852 0
4.486 0
4.4868 0
4.4876 0
4.4884 0
4.4892 0
4.49 0
4.4908 0
4.4916 0
4.4924 0
4.4932 0
4.494 0
4.4948 0
4.4956 0
4.4964 0
4.4972 0
4.498 0
4.4988 0
4.4996 0
4.5004 0
4.5012 0
4.502 0
4.5028 0
4.5036 0
4.5044 0
4.5052 0
4.506 0
4.5068 0
4.5076 0
4.5084 0
4.5092 0
4.51 0
4.5108 0
4.5116 0
4.5124 0
4.5132 0
4.514 0
4.5148 0
4.5156 0
4.5164 0
4.5172 0
4.518 0
4.5188 0
4.5196 0
4.5204 0
4.5212 0
4.522 0
4.5228 1
4.5236 0
4.5244 0
4.5252 0
4.526 0
4.5268 0
4.5276 0
4.5284 0
4.5292 0
4.53 0
4.5308 0
4.5316 0
4.5324 0
4.5332 0
4.534 0
4.5348 0
4.5356 0
4.5364 0
4.5372 0
4.538 0
4.5388 0
4.5396 0
4.5404 0
4.5412 0
4.542 0
4.5428 0
4.5436 0
4.5444 0
4.5452 0
4.546 0
4.5468 0
4.5476 0
4.5484 0
4.5492 0
4.55 0
4.5508 0
4.5516 0
4.5524 0
4.5532 0
4.554 0
4.5548 0
4.5556 0
4.5564 0
4.5572 0
4.558 0
4.5588 0
4.5596 0
4.5604 0
4.5612 0
4.562 0
4.5628 0
4.5636 0
4.5644 0
4.5652 0
4.566 0
4.5668 0
4.5676 0
4.5684 0
4.5692 0
4.57 0
4.5708 0
4.5716 0
4.5724 0
4.5732 0
4.574 0
4.5748 0
4.5756 0
4.5764 0
4.5772 0
4.578 0
4.5788 0
4.5796 0
4.5804 0
4.5812 0
4.582 0
4.5828 0
4.5836 0
4.5844 0
4.5852 0
4.586 0
4.5868 0
4.5876 0
4.5884 0
4.5892 0
4.59 0
4.5908 0
4.5916 0
4.5924 1
4.5932 0
4.594 0
4.5948 0
4.5956 0
4.5964 0
4.5972 0
4.598 0
4.5988 0
4.5996 0
4.6004 0
4.6012 0
4.602 0
4.6028 0
4.6036 0
4.6044 0
4.6052 0
4.606 0
4.6068 0
4.6076 0
4.6084 0
4.6092 0
4.61 0
4.6108 0
4.6116 0
4.6124 0
4.6132 0
4.614 0
4.6148 0
4.6156 0
4.6164 0
4.6172 0
4.618 0
4.6188 0
4.6196 0
4.6204 0
4.6212 0
4.622 0
4.6228 0
4.6236 0
4.6244 0
4.6252 0
4.626 0
4.6268 0
4.6276 0
4.6284 0
4.6292 0
4.63 0
4.6308 0
4.6316 0
4.6324 0
4.6332 0
4.634 0
4.6348 0
4.6356 0
4.6364 0
4.6372 0
4.638 0
4.6388 0
4.6396 0
4.6404 0
4.6412 0
4.642 0
4.6428 0
4.6436 0
4.6444 0
4.6452 0
4.646 0
4.6468 0
4.6476 0
4.6484 0
4.6492 0
4.65 0
4.6508 0
4.6516 0
4.6524 0
4.6532 0
4.654 0
4.6548 0
4.6556 0
4.6564 0
4.6572 0
4.658 0
4.6588 1
4.6596 0
4.6604 0
4.6612 0
4.662 0
4.6628 0
4.6636 0
4.6644 0
4.6652 0
4.666 0
4.6668 0
4.6676 0
4.6684 0
4.6692 0
4.67 0
4.6708 0
4.6716 0
4.6724 0
4.6732 0
4.674 0
4.6748 0
4.6756 0
4.6764 0
4.6772 0
4.678 0
4.6788 0
4.6796 0
4.6804 0
4.6812 0
4.682 0
4.6828 0
4.6836 0
4.6844 0
4.6852 0
4.686 0
4.6868 0
4.6876 0
4.6884 0
4.6892 0
4.69 0
4.6908 0
4.6916 0
4.6924 0
4.6932 0
4.694 0
4.6948 0
4.6956 0
4.6964 0
4.6972 0
4.698 0
4.6988 0
4.6996 0
4.7004 0
4.7012 0
4.702 0
4.7028 0
4.7036 0
4.7044 0
4.7052 0
4.706 0
4.7068 0
4.7076 0
4.7084 0
4.7092 0
4.71 0
4.7108 0
4.7116 0
4.7124 0
4.7132 0
4.714 0
4.7148 0
4.7156 0
4.7164 0
4.7172 0
4.718 0
4.7188 0
4.7196 0
4.7204 0
4.7212 0
4.722 0
4.7228 0
4.7236 0
4.7244 0
4.7252 0
4.726 0
4.7268 0
4.7276 0
4.7284 0
4.7292 0
4.73 0
4.7308 0
4.7316 0
4.7324 0
4.7332 0
4.734 0
4.7348 0
4.7356 0
4.7364 0
4.7372 0
4.738 0
4.7388 0
4.7396 0
4.7404 0
4.7412 0
4.742 0
4.7428 0
4.7436 0
4.7444 0
4.7452 0
4.746 0
4.7468 0
4.7476 0
4.7484 0
4.7492 0
4.75 0
4.7508 0
4.7516 0
4.7524 0
4.7532 0
4.754 0
4.7548 0
4.7556 0
4.7564 0
4.7572 0
4.758 0
4.7588 0
4.7596 0
4.7604 0
4.7612 0
4.762 0
4.7628 0
4.7636 0
4.7644 0
4.7652 0
4.766 0
4.7668 0
4.7676 0
4.7684 0
4.7692 0
4.77 0
4.7708 0
4.7716 0
4.7724 0
4.7732 0
4.774 0
4.7748 0
4.7756 0
4.7764 0
4.7772 0
4.778 0
4.7788 0
4.7796 0
4.7804 0
4.7812 0
4.782 0
4.7828 0
4.7836 0
4.7844 0
4.7852 0
4.786 0
4.7868 0
4.7876 0
4.7884 0
4.7892 0
4.79 0
4.7908 0
4.7916 0
4.7924 0
4.7932 0
4.794 0
4.7948 0
4.7956 0
4.7964 0
4.7972 0
4.798 0
4.7988 1
4.7996 0
4.8004 0
4.8012 0
4.802 0
4.8028 0
4.8036 0
4.8044 0
4.8052 0
4.806 0
4.8068 0
4.8076 0
4.8084 0
4.8092 0
4.81 0
4.8108 0
4.8116 0
4.8124 0
4.8132 0
4.814 0
4.8148 0
4.8156 0
4.8164 0
4.8172 0
4.818 0
4.8188 0
4.8196 0
4.8204 0
4.8212 0
4.822 0
4.8228 0
4.8236 0
4.8244 0
4.8252 0
4.826 0
4.8268 0
4.8276 0
4.8284 0
4.8292 0
4.83 0
4.8308 0
4.8316 0
4.8324 0
4.8332 0
4.834 0
4.8348 0
4.8356 0
4.8364 0
4.8372 0
4.838 0
4.8388 0
4.8396 0
4.8404 0
4.8412 0
4.842 0
4.8428 0
4.8436 0
4.8444 0
4.8452 0
4.846 0
4.8468 0
4.8476 0
4.8484 0
4.8492 0
4.85 0
4.8508 0
4.8516 0
4.8524 0
4.8532 0
4.854 0
4.8548 0
4.8556 0
4.8564 0
4.8572 0
4.858 0
4.8588 0
4.8596 0
4.8604 0
4.8612 0
4.862 0
4.8628 0
4.8636 0
4.8644 0
4.8652 0
4.866 0
4.8668 0
4.8676 0
4.8684 0
4.8692 0
4.87 0
4.8708 0
4.8716 0
4.8724 0
4.8732 0
4.874 0
4.8748 0
4.8756 0
4.8764 0
4.8772 0
4.878 0
4.8788 0
4.8796 0
4.8804 0
4.8812 0
4.882 0
4.8828 0
4.8836 0
4.8844 0
4.8852 0
4.886 0
4.8868 0
4.8876 0
4.8884 0
4.8892 0
4.89 0
4.8908 0
4.8916 0
4.8924 0
4.8932 0
4.894 0
4.8948 0
4.8956 0
4.8964 0
4.8972 0
4.898 0
4.8988 0
4.8996 0
4.9004 0
4.9012 0
4.902 0
4.9028 0
4.9036 1
4.9044 0
4.9052 0
4.906 0
4.9068 0
4.9076 0
4.9084 0
4.9092 0
4.91 0
4.9108 0
4.9116 1
4.9124 0
4.9132 0
4.914 0
4.9148 0
4.9156 0
4.9164 0
4.9172 0
4.918 0
4.9188 0
4.9196 0
4.9204 0
4.9212 0
4.922 0
4.9228 0
4.9236 0
4.9244 0
4.9252 0
4.926 0
4.9268 0
4.9276 0
4.9284 0
4.9292 0
4.93 0
4.9308 0
4.9316 0
4.9324 0
4.9332 0
4.934 0
4.9348 0
4.9356 0
4.9364 0
4.9372 0
4.938 0
4.9388 0
4.9396 0
4.9404 0
4.9412 0
4.942 0
4.9428 0
4.9436 0
4.9444 0
4.9452 0
4.946 0
4.9468 0
4.9476 0
4.9484 0
4.9492 0
4.95 0
4.9508 0
4.9516 0
4.9524 0
4.9532 0
4.954 0
4.9548 0
4.9556 0
4.9564 0
4.9572 0
4.958 0
4.9588 0
4.9596 1
4.9604 0
4.9612 0
4.962 0
4.9628 0
4.9636 0
4.9644 0
4.9652 0
4.966 0
4.9668 0
4.9676 0
4.9684 0
4.9692 0
4.97 0
4.9708 0
4.9716 0
4.9724 0
4.9732 0
4.974 0
4.9748 0
4.9756 0
4.9764 0
4.9772 0
4.978 0
4.9788 0
4.9796 0
4.9804 0
4.9812 0
4.982 0
4.9828 0
4.9836 0
4.9844 0
4.9852 0
4.986 0
4.9868 0
4.9876 0
4.9884 0
4.9892 0
4.99 0
4.9908 0
4.9916 0
4.9924 0
4.9932 0
4.994 0
4.9948 0
4.9956 0
4.9964 0
4.9972 0
4.998 0
4.9988 0
4.9996 0
5.0004 0
5.0012 0
5.002 0
5.0028 0
5.0036 0
5.0044 0
5.0052 0
5.006 0
5.0068 0
5.0076 0
5.0084 0
5.0092 1
5.01 0
5.0108 0
5.0116 0
5.0124 0
5.0132 0
5.014 0
5.0148 0
5.0156 0
5.0164 0
5.0172 0
5.018 0
5.0188 0
5.0196 0
5.0204 1
5.0212 0
5.022 0
5.0228 0
5.0236 0
5.0244 0
5.0252 0
5.026 0
5.0268 0
5.0276 0
5.0284 0
5.0292 0
5.03 0
5.0308 0
5.0316 0
5.0324 0
5.0332 0
5.034 0
5.0348 0
5.0356 0
5.0364 0
5.0372 0
5.038 0
5.0388 0
5.0396 0
5.0404 0
5.0412 0
5.042 0
5.0428 0
5.0436 0
5.0444 0
5.0452 0
5.046 0
5.0468 0
5.0476 0
5.0484 0
5.0492 0
5.05 0
5.0508 0
5.0516 0
5.0524 0
5.0532 0
5.054 0
5.0548 0
5.0556 0
5.0564 0
5.0572 0
5.058 0
5.0588 0
5.0596 0
5.0604 0
5.0612 0
5.062 0
5.0628 0
5.0636 0
5.0644 0
5.0652 0
5.066 0
5.0668 0
5.0676 0
5.0684 0
5.0692 0
5.07 0
5.0708 0
5.0716 0
5.0724 0
5.0732 0
5.074 0
5.0748 0
5.0756 0
5.0764 0
5.0772 0
5.078 0
5.0788 0
5.0796 0
5.0804 0
5.0812 0
5.082 0
5.0828 0
5.0836 0
5.0844 0
5.0852 0
5.086 0
5.0868 0
5.0876 0
5.0884 0
5.0892 0
5.09 0
5.0908 0
5.0916 0
5.0924 0
5.0932 0
5.094 0
5.0948 0
5.0956 0
5.0964 0
5.0972 0
5.098 0
5.0988 0
5.0996 0
5.1004 0
5.1012 0
5.102 0
5.1028 0
5.1036 0
5.1044 0
5.1052 0
5.106 0
5.1068 0
5.1076 0
5.1084 0
5.1092 0
5.11 0
5.1108 0
5.1116 0
5.1124 0
5.1132 0
5.114 0
5.1148 0
5.1156 0
5.1164 0
5.1172 0
5.118 0
5.1188 0
5.1196 0
5.1204 0
5.1212 0
5.122 0
5.1228 0
5.1236 0
5.1244 0
5.1252 0
5.126 0
5.1268 0
5.1276 0
5.1284 0
5.1292 0
5.13 0
5.1308 0
5.1316 0
5.1324 0
5.1332 0
5.134 0
5.1348 0
5.1356 0
5.1364 0
5.1372 0
5.138 0
5.1388 0
5.1396 0
5.1404 0
5.1412 0
5.142 0
5.1428 0
5.1436 0
5.1444 0
5.1452 0
5.146 0
5.1468 0
5.1476 0
5.1484 0
5.1492 0
5.15 0
5.1508 0
5.1516 0
5.1524 0
5.1532 0
5.154 0
5.1548 0
5.1556 1
5.1564 0
5.1572 0
5.158 0
5.1588 0
5.1596 0
5.1604 1
5.1612 0
5.162 0
5.1628 0
5.1636 0
5.1644 0
5.1652 0
5.166 0
5.1668 0
5.1676 0
5.1684 0
5.1692 0
5.17 0
5.1708 0
5.1716 0
5.1724 0
5.1732 0
5.174 0
5.1748 0
5.1756 0
5.1764 0
5.1772 0
5.178 0
5.1788 0
5.1796 0
5.1804 0
5.1812 0
5.182 1
5.1828 0
5.1836 0
5.1844 0
5.1852 0
5.186 0
5.1868 1
5.1876 0
5.1884 0
5.1892 0
5.19 0
5.1908 0
5.1916 0
5.1924 0
5.1932 0
5.194 0
5.1948 0
5.1956 0
5.1964 0
5.1972 0
5.198 0
5.1988 0
5.1996 0
5.2004 0
5.2012 0
5.202 0
5.2028 0
5.2036 0
5.2044 0
5.2052 0
5.206 0
5.2068 0
5.2076 0
5.2084 0
5.2092 0
5.21 0
5.2108 0
5.2116 0
5.2124 0
5.2132 0
5.214 0
5.2148 0
5.2156 0
5.2164 0
5.2172 0
5.218 0
5.2188 0
5.2196 0
5.2204 0
5.2212 0
5.222 0
5.2228 0
5.2236 0
5.2244 0
5.2252 0
5.226 0
5.2268 0
5.2276 0
5.2284 0
5.2292 0
5.23 0
5.2308 0
5.2316 0
5.2324 0
5.2332 0
5.234 0
5.2348 0
5.2356 0
5.2364 0
5.2372 0
5.238 0
5.2388 0
5.2396 0
5.2404 0
5.2412 0
5.242 0
5.2428 0
5.2436 0
5.2444 0
5.2452 0
5.246 0
5.2468 0
5.2476 0
5.2484 0
5.2492 0
5.25 0
5.2508 0
5.2516 0
5.2524 0
5.2532 0
5.254 0
5.2548 0
5.2556 0
5.2564 0
5.2572 0
5.258 0
5.2588 0
5.2596 0
5.2604 0
5.2612 0
5.262 0
5.2628 0
5.2636 0
5.2644 0
5.2652 0
5.266 0
5.2668 0
5.2676 0
5.2684 0
5.2692 0
5.27 0
5.2708 0
5.2716 0
5.2724 0
5.2732 0
5.274 0
5.2748 0
5.2756 0
5.2764 0
5.2772 0
5.278 0
5.2788 0
5.2796 0
5.2804 0
5.2812 0
5.282 0
5.2828 0
5.2836 0
5.2844 0
5.2852 0
5.286 0
5.2868 0
5.2876 0
5.2884 0
5.2892 0
5.29 0
5.2908 0
5.2916 0
5.2924 0
5.2932 0
5.294 0
5.2948 0
5.2956 0
5.2964 0
5.2972 0
5.298 0
5.2988 0
5.2996 0
5.3004 0
5.3012 0
5.302 0
5.3028 0
5.3036 0
5.3044 0
5.3052 0
5.306 0
5.3068 0
5.3076 0
5.3084 0
5.3092 0
5.31 0
5.3108 0
5.3116 0
5.3124 0
5.3132 0
5.314 0
5.3148 0
5.3156 0
5.3164 0
5.3172 0
5.318 0
5.3188 0
5.3196 0
5.3204 0
5.3212 0
5.322 0
5.3228 0
5.3236 0
5.3244 0
5.3252 0
5.326 0
5.3268 0
5.3276 0
5.3284 0
5.3292 0
5.33 0
5.3308 0
5.3316 0
5.3324 0
5.3332 0
5.334 0
5.3348 0
5.3356 0
5.3364 0
5.3372 0
5.338 0
5.3388 0
5.3396 0
5.3404 0
5.3412 0
5.342 0
5.3428 0
5.3436 0
5.3444 0
5.3452 0
5.346 0
5.3468 0
5.3476 0
5.3484 0
5.3492 0
5.35 0
5.3508 0
5.3516 0
5.3524 0
5.3532 0
5.354 0
5.3548 0
5.3556 0
5.3564 0
5.3572 0
5.358 0
5.3588 0
5.3596 0
5.3604 0
5.3612 0
5.362 0
5.3628 0
5.3636 0
5.3644 0
5.3652 0
5.366 0
5.3668 0
5.3676 0
5.3684 0
5.3692 0
5.37 0
5.3708 0
5.3716 0
5.3724 0
5.3732 0
5.374 0
5.3748 0
5.3756 0
5.3764 0
5.3772 0
5.378 0
5.3788 0
5.3796 0
5.3804 0
5.3812 0
5.382 0
5.3828 0
5.3836 0
5.3844 0
5.3852 0
5.386 0
5.3868 0
5.3876 0
5.3884 0
5.3892 0
5.39 0
5.3908 0
5.3916 0
5.3924 0
5.3932 0
5.394 0
5.3948 0
5.3956 0
5.3964 0
5.3972 0
5.398 0
5.3988 0
5.3996 0
5.4004 0
5.4012 0
5.402 0
5.4028 0
5.4036 0
5.4044 0
5.4052 0
5.406 0
5.4068 0
5.4076 0
5.4084 0
5.4092 0
5.41 0
5.4108 0
5.4116 0
5.4124 0
5.4132 0
5.414 0
5.4148 0
5.4156 0
5.4164 0
5.4172 0
5.418 0
5.4188 0
5.4196 0
5.4204 0
5.4212 0
5.422 0
5.4228 0
5.4236 0
5.4244 0
5.4252 0
5.426 0
5.4268 0
5.4276 0
5.4284 0
5.4292 0
5.43 0
5.4308 0
5.4316 0
5.4324 0
5.4332 0
5.434 0
5.4348 0
5.4356 0
5.4364 0
5.4372 0
5.438 0
5.4388 0
5.4396 0
5.4404 0
5.4412 0
5.442 0
5.4428 0
5.4436 0
5.4444 0
5.4452 0
5.446 0
5.4468 0
5.4476 0
5.4484 0
5.4492 0
5.45 0
5.4508 0
5.4516 0
5.4524 0
5.4532 0
5.454 0
5.4548 0
5.4556 0
5.4564 0
5.4572 0
5.458 0
5.4588 0
5.4596 0
5.4604 0
5.4612 0
5.462 0
5.4628 0
5.4636 0
5.4644 0
5.4652 0
5.466 0
5.4668 0
5.4676 0
5.4684 0
5.4692 0
5.47 0
5.4708 0
5.4716 0
5.4724 0
5.4732 0
5.474 0
5.4748 0
5.4756 0
5.4764 0
5.4772 0
5.478 0
5.4788 0
5.4796 0
5.4804 0
5.4812 0
5.482 0
5.4828 0
5.4836 0
5.4844 0
5.4852 0
5.486 0
5.4868 0
5.4876 0
5.4884 0
5.4892 0
5.49 0
5.4908 0
5.4916 0
5.4924 0
5.4932 0
5.494 0
5.4948 0
5.4956 0
5.4964 0
5.4972 0
5.498 0
5.4988 0
5.4996 0
5.5004 0
5.5012 0
5.502 0
5.5028 0
5.5036 0
5.5044 0
5.5052 0
5.506 0
5.5068 0
5.5076 0
5.5084 0
5.5092 0
5.51 0
5.5108 0
5.5116 0
5.5124 0
5.5132 0
5.514 0
5.5148 0
5.5156 0
5.5164 0
5.5172 0
5.518 0
5.5188 0
5.5196 0
5.5204 0
5.5212 0
5.522 0
5.5228 0
5.5236 0
5.5244 0
5.5252 0
5.526 0
5.5268 0
5.5276 0
5.5284 0
5.5292 0
5.53 0
5.5308 0
5.5316 0
5.5324 0
5.5332 0
5.534 0
5.5348 0
5.5356 0
5.5364 0
5.5372 0
5.538 0
5.5388 0
5.5396 0
5.5404 0
5.5412 0
5.542 0
5.5428 0
5.5436 0
5.5444 0
5.5452 0
5.546 0
5.5468 0
5.5476 0
5.5484 0
5.5492 0
5.55 0
5.5508 0
5.5516 0
5.5524 0
5.5532 0
5.554 0
5.5548 0
5.5556 0
5.5564 0
5.5572 0
5.558 0
5.5588 0
5.5596 0
5.5604 0
5.5612 0
5.562 0
5.5628 0
5.5636 0
5.5644 0
5.5652 0
5.566 0
5.5668 0
5.5676 0
5.5684 0
5.5692 0
5.57 0
5.5708 0
5.5716 0
5.5724 0
5.5732 0
5.574 0
5.5748 0
5.5756 0
5.5764 0
5.5772 0
5.578 0
5.5788 0
5.5796 0
5.5804 0
5.5812 0
5.582 0
5.5828 0
5.5836 0
5.5844 0
5.5852 0
5.586 0
5.5868 0
5.5876 0
5.5884 0
5.5892 0
5.59 0
5.5908 0
5.5916 0
5.5924 0
5.5932 0
5.594 0
5.5948 0
5.5956 0
5.5964 0
5.5972 0
5.598 0
5.5988 0
5.5996 0
5.6004 0
5.6012 0
5.602 0
5.6028 0
5.6036 0
5.6044 0
5.6052 0
5.606 0
5.6068 0
5.6076 0
5.6084 0
5.6092 0
5.61 0
5.6108 0
5.6116 0
5.6124 0
5.6132 0
5.614 0
5.6148 0
5.6156 0
5.6164 0
5.6172 0
5.618 0
5.6188 0
5.6196 0
5.6204 0
5.6212 0
5.622 0
5.6228 0
5.6236 0
5.6244 0
5.6252 0
5.626 0
5.6268 0
5.6276 0
5.6284 0
5.6292 0
5.63 0
5.6308 0
5.6316 0
5.6324 0
5.6332 0
5.634 0
5.6348 0
5.6356 0
5.6364 0
5.6372 0
5.638 0
5.6388 0
5.6396 0
5.6404 0
5.6412 0
5.642 0
5.6428 0
5.6436 0
5.6444 0
5.6452 0
5.646 0
5.6468 0
5.6476 0
5.6484 0
5.6492 0
5.65 0
5.6508 0
5.6516 0
5.6524 0
5.6532 0
5.654 0
5.6548 0
5.6556 0
5.6564 0
5.6572 0
5.658 0
5.6588 0
5.6596 0
5.6604 0
5.6612 0
5.662 0
5.6628 0
5.6636 0
5.6644 0
5.6652 0
5.666 0
5.6668 0
5.6676 0
5.6684 0
5.6692 0
5.67 0
5.6708 0
5.6716 0
5.6724 0
5.6732 0
5.674 0
5.6748 0
5.6756 0
5.6764 0
5.6772 0
5.678 0
5.6788 0
5.6796 0
5.6804 0
5.6812 0
5.682 0
5.6828 0
5.6836 0
5.6844 0
5.6852 0
5.686 0
5.6868 0
5.6876 0
5.6884 0
5.6892 0
5.69 0
5.6908 0
5.6916 0
5.6924 0
5.6932 0
5.694 0
5.6948 0
5.6956 0
5.6964 0
5.6972 0
5.698 0
5.6988 0
5.6996 0
5.7004 0
5.7012 0
5.702 0
5.7028 0
5.7036 0
5.7044 0
5.7052 0
5.706 0
5.7068 0
5.7076 0
5.7084 0
5.7092 0
5.71 0
5.7108 0
5.7116 0
5.7124 0
5.7132 0
5.714 0
5.7148 0
5.7156 0
5.7164 0
5.7172 0
5.718 0
5.7188 0
5.7196 0
5.7204 0
5.7212 0
5.722 0
5.7228 0
5.7236 0
5.7244 0
5.7252 0
5.726 0
5.7268 0
5.7276 0
5.7284 0
5.7292 0
5.73 0
5.7308 0
5.7316 0
5.7324 0
5.7332 0
5.734 0
5.7348 0
5.7356 0
5.7364 0
5.7372 0
5.738 0
5.7388 0
5.7396 0
5.7404 0
5.7412 0
5.742 0
5.7428 0
5.7436 0
5.7444 0
5.7452 0
5.746 0
5.7468 0
5.7476 0
5.7484 0
5.7492 0
5.75 0
5.7508 0
5.7516 0
5.7524 0
5.7532 0
5.754 0
5.7548 0
5.7556 0
5.7564 0
5.7572 0
5.758 0
5.7588 0
5.7596 0
5.7604 0
5.7612 0
5.762 0
5.7628 0
5.7636 0
5.7644 0
5.7652 0
5.766 0
5.7668 0
5.7676 0
5.7684 1
5.7692 0
5.77 0
5.7708 0
5.7716 0
5.7724 0
5.7732 0
5.774 0
5.7748 0
5.7756 0
5.7764 0
5.7772 0
5.778 0
5.7788 0
5.7796 0
5.7804 0
5.7812 0
5.782 0
5.7828 0
5.7836 0
5.7844 0
5.7852 0
5.786 0
5.7868 0
5.7876 0
5.7884 0
5.7892 0
5.79 0
5.7908 0
5.7916 0
5.7924 0
5.7932 0
5.794 0
5.7948 0
5.7956 0
5.7964 0
5.7972 0
5.798 0
5.7988 0
5.7996 0
5.8004 0
5.8012 0
5.802 0
5.8028 0
5.8036 0
5.8044 0
5.8052 0
5.806 0
5.8068 0
5.8076 0
5.8084 0
5.8092 0
5.81 0
5.8108 0
5.8116 0
5.8124 0
5.8132 0
5.814 0
5.8148 0
5.8156 0
5.8164 0
5.8172 0
5.818 0
5.8188 0
5.8196 0
5.8204 0
5.8212 0
5.822 0
5.8228 0
5.8236 0
5.8244 0
5.8252 0
5.826 0
5.8268 0
5.8276 0
5.8284 0
5.8292 0
5.83 0
5.8308 0
5.8316 0
5.8324 0
5.8332 0
5.834 0
5.8348 0
5.8356 0
5.8364 0
5.8372 0
5.838 0
5.8388 0
5.8396 0
5.8404 0
5.8412 0
5.842 0
5.8428 0
5.8436 0
5.8444 0
5.8452 0
5.846 0
5.8468 0
5.8476 0
5.8484 0
5.8492 0
5.85 0
5.8508 0
5.8516 1
5.8524 0
5.8532 0
5.854 0
5.8548 0
5.8556 0
5.8564 0
5.8572 0
5.858 0
5.8588 0
5.8596 0
5.8604 0
5.8612 0
5.862 1
5.8628 0
5.8636 0
5.8644 0
5.8652 0
5.866 0
5.8668 0
5.8676 0
5.8684 0
5.8692 0
5.87 0
5.8708 0
5.8716 0
5.8724 0
5.8732 0
5.874 0
5.8748 0
5.8756 0
5.8764 0
5.8772 0
5.878 0
5.8788 0
5.8796 0
5.8804 0
5.8812 0
5.882 0
5.8828 0
5.8836 0
5.8844 0
5.8852 0
5.886 0
5.8868 0
5.8876 0
5.8884 0
5.8892 0
5.89 0
5.8908 0
5.8916 0
5.8924 0
5.8932 0
5.894 0
5.8948 0
5.8956 0
5.8964 0
5.8972 0
5.898 0
5.8988 0
5.8996 0
5.9004 0
5.9012 0
5.902 0
5.9028 0
5.9036 0
5.9044 0
5.9052 0
5.906 0
5.9068 0
5.9076 0
5.9084 0
5.9092 0
5.91 0
5.9108 0
5.9116 0
5.9124 0
5.9132 0
5.914 0
5.9148 0
5.9156 0
5.9164 0
5.9172 0
5.918 0
5.9188 0
5.9196 0
5.9204 0
5.9212 0
5.922 0
5.9228 0
5.9236 0
5.9244 0
5.9252 0
5.926 0
5.9268 0
5.9276 0
5.9284 0
5.9292 0
5.93 0
5.9308 0
5.9316 0
5.9324 0
5.9332 0
5.934 0
5.9348 0
5.9356 0
5.9364 0
5.9372 0
5.938 1
5.9388 0
5.9396 1
5.9404 0
5.9412 0
5.942 0
5.9428 0
5.9436 0
5.9444 0
5.9452 0
5.946 0
5.9468 0
5.9476 0
5.9484 0
5.9492 0
5.95 0
5.9508 0
5.9516 0
5.9524 0
5.9532 0
5.954 0
5.9548 0
5.9556 0
5.9564 0
5.9572 0
5.958 0
5.9588 0
5.9596 0
5.9604 0
5.9612 0
5.962 0
5.9628 0
5.9636 0
5.9644 0
5.9652 0
5.966 0
5.9668 0
5.9676 0
5.9684 0
5.9692 0
5.97 0
5.9708 0
5.9716 0
5.9724 0
5.9732 0
5.974 0
5.9748 0
5.9756 0
5.9764 0
5.9772 0
5.978 0
5.9788 0
5.9796 0
5.9804 0
5.9812 0
5.982 0
5.9828 0
5.9836 0
5.9844 0
5.9852 0
5.986 0
5.9868 0
5.9876 0
5.9884 0
5.9892 0
5.99 0
5.9908 0
5.9916 0
5.9924 0
5.9932 0
5.994 0
5.9948 0
5.9956 0
5.9964 0
5.9972 0
5.998 0
5.9988 0
5.9996 0
6.0004 0
6.0012 0
6.002 0
6.0028 0
6.0036 0
6.0044 0
6.0052 0
6.006 0
6.0068 0
6.0076 0
6.0084 0
6.0092 0
6.01 0
6.0108 0
6.0116 0
6.0124 0
6.0132 0
6.014 0
6.0148 0
6.0156 0
6.0164 0
6.0172 0
6.018 0
6.0188 0
6.0196 0
6.0204 0
6.0212 0
6.022 0
6.0228 0
6.0236 0
6.0244 0
6.0252 0
6.026 0
6.0268 0
6.0276 0
6.0284 0
6.0292 0
6.03 0
6.0308 0
6.0316 0
6.0324 0
6.0332 0
6.034 0
6.0348 0
6.0356 0
6.0364 0
6.0372 0
6.038 0
6.0388 0
6.0396 0
6.0404 0
6.0412 0
6.042 0
6.0428 0
6.0436 0
6.0444 0
6.0452 0
6.046 0
6.0468 0
6.0476 0
6.0484 0
6.0492 0
6.05 0
6.0508 0
6.0516 0
6.0524 0
6.0532 0
6.054 0
6.0548 0
6.0556 0
6.0564 0
6.0572 0
6.058 0
6.0588 0
6.0596 0
6.0604 0
6.0612 0
6.062 0
6.0628 0
6.0636 0
6.0644 0
6.0652 0
6.066 0
6.0668 0
6.0676 0
6.0684 0
6.0692 0
6.07 0
6.0708 0
6.0716 0
6.0724 0
6.0732 0
6.074 0
6.0748 0
6.0756 0
6.0764 0
6.0772 0
6.078 0
6.0788 0
6.0796 0
6.0804 0
6.0812 0
6.082 0
6.0828 0
6.0836 0
6.0844 0
6.0852 0
6.086 0
6.0868 0
6.0876 0
6.0884 0
6.0892 0
6.09 0
6.0908 0
6.0916 0
6.0924 0
6.0932 0
6.094 0
6.0948 0
6.0956 0
6.0964 0
6.0972 0
6.098 0
6.0988 0
6.0996 0
6.1004 0
6.1012 0
6.102 0
6.1028 0
6.1036 0
6.1044 0
6.1052 0
6.106 0
6.1068 0
6.1076 0
6.1084 0
6.1092 0
6.11 0
6.1108 0
6.1116 0
6.1124 0
6.1132 0
6.114 0
6.1148 0
6.1156 0
6.1164 0
6.1172 0
6.118 0
6.1188 0
6.1196 1
6.1204 0
6.1212 0
6.122 0
6.1228 0
6.1236 0
6.1244 0
6.1252 0
6.126 0
6.1268 0
6.1276 0
6.1284 0
6.1292 0
6.13 0
6.1308 0
6.1316 0
6.1324 0
6.1332 0
6.134 0
6.1348 0
6.1356 0
6.1364 0
6.1372 0
6.138 0
6.1388 0
6.1396 0
6.1404 0
6.1412 0
6.142 0
6.1428 1
6.1436 0
6.1444 0
6.1452 0
6.146 0
6.1468 0
6.1476 0
6.1484 0
6.1492 0
6.15 0
6.1508 0
6.1516 0
6.1524 0
6.1532 0
6.154 0
6.1548 0
6.1556 0
6.1564 0
6.1572 0
6.158 0
6.1588 0
6.1596 0
6.1604 0
6.1612 0
6.162 0
6.1628 0
6.1636 0
6.1644 0
6.1652 0
6.166 0
6.1668 0
6.1676 0
6.1684 0
6.1692 0
6.17 0
6.1708 0
6.1716 0
6.1724 0
6.1732 0
6.174 0
6.1748 0
6.1756 0
6.1764 0
6.1772 0
6.178 0
6.1788 0
6.1796 0
6.1804 0
6.1812 0
6.182 0
6.1828 0
6.1836 0
6.1844 0
6.1852 0
6.186 0
6.1868 0
6.1876 0
6.1884 0
6.1892 0
6.19 0
6.1908 0
6.1916 0
6.1924 0
6.1932 0
6.194 0
6.1948 0
6.1956 0
6.1964 0
6.1972 0
6.198 0
6.1988 0
6.1996 0
6.2004 0
6.2012 0
6.202 0
6.2028 0
6.2036 0
6.2044 0
6.2052 0
6.206 0
6.2068 0
6.2076 0
6.2084 0
6.2092 0
6.21 0
6.2108 0
6.2116 0
6.2124 0
6.2132 0
6.214 0
6.2148 0
6.2156 0
6.2164 0
6.2172 0
6.218 0
6.2188 0
6.2196 0
6.2204 0
6.2212 0
6.222 0
6.2228 0
6.2236 0
6.2244 0
6.2252 0
6.226 0
6.2268 0
6.2276 0
6.2284 0
6.2292 0
6.23 0
6.2308 0
6.2316 0
6.2324 0
6.2332 0
6.234 0
6.2348 0
6.2356 0
6.2364 0
6.2372 0
6.238 0
6.2388 0
6.2396 0
6.2404 0
6.2412 0
6.242 0
6.2428 0
6.2436 0
6.2444 0
6.2452 0
6.246 0
6.2468 0
6.2476 0
6.2484 0
6.2492 0
6.25 0
6.2508 0
6.2516 0
6.2524 0
6.2532 0
6.254 0
6.2548 0
6.2556 0
6.2564 0
6.2572 0
6.258 0
6.2588 0
6.2596 0
6.2604 0
6.2612 0
6.262 0
6.2628 0
6.2636 0
6.2644 0
6.2652 0
6.266 0
6.2668 0
6.2676 0
6.2684 0
6.2692 0
6.27 0
6.2708 0
6.2716 0
6.2724 0
6.2732 0
6.274 0
6.2748 0
6.2756 0
6.2764 0
6.2772 0
6.278 0
6.2788 0
6.2796 0
6.2804 0
6.2812 0
6.282 0
6.2828 0
6.2836 0
6.2844 0
6.2852 0
6.286 0
6.2868 0
6.2876 0
6.2884 0
6.2892 0
6.29 0
6.2908 0
6.2916 0
6.2924 1
6.2932 0
6.294 0
6.2948 0
6.2956 0
6.2964 0
6.2972 0
6.298 0
6.2988 0
6.2996 0
6.3004 0
6.3012 0
6.302 0
6.3028 0
6.3036 0
6.3044 0
6.3052 0
6.306 0
6.3068 1
6.3076 0
6.3084 0
6.3092 0
6.31 0
6.3108 0
6.3116 0
6.3124 0
6.3132 0
6.314 0
6.3148 0
6.3156 0
6.3164 0
6.3172 0
6.318 0
6.3188 0
6.3196 0
6.3204 0
6.3212 0
6.322 0
6.3228 0
6.3236 0
6.3244 0
6.3252 0
6.326 0
6.3268 0
6.3276 0
6.3284 0
6.3292 0
6.33 0
6.3308 0
6.3316 0
6.3324 0
6.3332 0
6.334 0
6.3348 0
6.3356 0
6.3364 0
6.3372 0
6.338 0
6.3388 0
6.3396 0
6.3404 0
6.3412 0
6.342 0
6.3428 0
6.3436 0
6.3444 0
6.3452 0
6.346 0
6.3468 1
6.3476 0
6.3484 0
6.3492 0
6.35 0
6.3508 0
6.3516 0
6.3524 0
6.3532 0
6.354 0
6.3548 0
6.3556 0
6.3564 0
6.3572 0
6.358 0
6.3588 0
6.3596 0
6.3604 0
6.3612 0
6.362 0
6.3628 1
6.3636 0
6.3644 0
6.3652 0
6.366 0
6.3668 0
6.3676 0
6.3684 0
6.3692 0
6.37 0
6.3708 0
6.3716 0
6.3724 0
6.3732 0
6.374 0
6.3748 0
6.3756 0
6.3764 0
6.3772 0
6.378 0
6.3788 0
6.3796 0
6.3804 0
6.3812 0
6.382 0
6.3828 0
6.3836 0
6.3844 0
6.3852 0
6.386 0
6.3868 0
6.3876 0
6.3884 0
6.3892 0
6.39 0
6.3908 0
6.3916 0
6.3924 0
6.3932 0
6.394 0
6.3948 0
6.3956 0
6.3964 0
6.3972 0
6.398 0
6.3988 0
6.3996 0
6.4004 0
6.4012 0
6.402 0
6.4028 0
6.4036 0
6.4044 0
6.4052 0
6.406 0
6.4068 0
6.4076 0
6.4084 0
6.4092 0
6.41 0
6.4108 0
6.4116 0
6.4124 0
6.4132 0
6.414 0
6.4148 0
6.4156 0
6.4164 0
6.4172 0
6.418 0
6.4188 0
6.4196 0
6.4204 0
6.4212 0
6.422 0
6.4228 0
6.4236 0
6.4244 0
6.4252 0
6.426 0
6.4268 0
6.4276 0
6.4284 0
6.4292 0
6.43 0
6.4308 0
6.4316 0
6.4324 0
6.4332 0
6.434 0
6.4348 0
6.4356 0
6.4364 0
6.4372 0
6.438 0
6.4388 0
6.4396 0
6.4404 0
6.4412 0
6.442 0
6.4428 0
6.4436 0
6.4444 0
6.4452 0
6.446 0
6.4468 0
6.4476 0
6.4484 0
6.4492 0
6.45 0
6.4508 0
6.4516 0
6.4524 0
6.4532 0
6.454 0
6.4548 0
6.4556 0
6.4564 0
6.4572 0
6.458 0
6.4588 0
6.4596 0
6.4604 0
6.4612 0
6.462 0
6.4628 0
6.4636 0
6.4644 0
6.4652 0
6.466 0
6.4668 0
6.4676 0
6.4684 0
6.4692 0
6.47 0
6.4708 0
6.4716 0
6.4724 0
6.4732 0
6.474 0
6.4748 0
6.4756 0
6.4764 0
6.4772 0
6.478 0
6.4788 0
6.4796 0
6.4804 0
6.4812 0
6.482 0
6.4828 0
6.4836 0
6.4844 0
6.4852 0
6.486 0
6.4868 0
6.4876 0
6.4884 0
6.4892 0
6.49 0
6.4908 0
6.4916 0
6.4924 0
6.4932 0
6.494 0
6.4948 0
6.4956 0
6.4964 0
6.4972 0
6.498 0
6.4988 0
6.4996 0
6.5004 0
6.5012 0
6.502 0
6.5028 0
6.5036 0
6.5044 0
6.5052 0
6.506 0
6.5068 0
6.5076 0
6.5084 0
6.5092 0
6.51 0
6.5108 0
6.5116 0
6.5124 0
6.5132 0
6.514 0
6.5148 0
6.5156 0
6.5164 0
6.5172 0
6.518 0
6.5188 0
6.5196 0
6.5204 0
6.5212 0
6.522 0
6.5228 0
6.5236 0
6.5244 0
6.5252 0
6.526 0
6.5268 0
6.5276 0
6.5284 0
6.5292 0
6.53 0
6.5308 0
6.5316 0
6.5324 0
6.5332 0
6.534 0
6.5348 1
6.5356 0
6.5364 0
6.5372 0
6.538 0
6.5388 0
6.5396 0
6.5404 0
6.5412 0
6.542 0
6.5428 0
6.5436 0
6.5444 0
6.5452 0
6.546 0
6.5468 0
6.5476 0
6.5484 0
6.5492 0
6.55 0
6.5508 0
6.5516 0
6.5524 0
6.5532 0
6.554 0
6.5548 0
6.5556 0
6.5564 0
6.5572 0
6.558 0
6.5588 0
6.5596 0
6.5604 0
6.5612 0
6.562 0
6.5628 0
6.5636 0
6.5644 0
6.5652 0
6.566 0
6.5668 0
6.5676 0
6.5684 0
6.5692 0
6.57 0
6.5708 0
6.5716 0
6.5724 0
6.5732 0
6.574 0
6.5748 0
6.5756 0
6.5764 0
6.5772 0
6.578 0
6.5788 0
6.5796 0
6.5804 0
6.5812 0
6.582 0
6.5828 0
6.5836 0
6.5844 0
6.5852 0
6.586 0
6.5868 0
6.5876 0
6.5884 0
6.5892 0
6.59 0
6.5908 0
6.5916 0
6.5924 0
6.5932 0
6.594 0
6.5948 0
6.5956 0
6.5964 0
6.5972 0
6.598 0
6.5988 0
6.5996 0
6.6004 0
6.6012 0
6.602 0
6.6028 0
6.6036 0
6.6044 0
6.6052 0
6.606 0
6.6068 0
6.6076 0
6.6084 0
6.6092 0
6.61 0
6.6108 0
6.6116 0
6.6124 0
6.6132 0
6.614 0
6.6148 0
6.6156 0
6.6164 0
6.6172 0
6.618 0
6.6188 0
6.6196 0
6.6204 0
6.6212 0
6.622 0
6.6228 0
6.6236 0
6.6244 0
6.6252 0
6.626 0
6.6268 0
6.6276 0
6.6284 0
6.6292 0
6.63 0
6.6308 0
6.6316 0
6.6324 0
6.6332 0
6.634 0
6.6348 0
6.6356 0
6.6364 0
6.6372 0
6.638 0
6.6388 0
6.6396 0
6.6404 0
6.6412 0
6.642 0
6.6428 0
6.6436 0
6.6444 0
6.6452 0
6.646 0
6.6468 0
6.6476 0
6.6484 0
6.6492 0
6.65 0
6.6508 0
6.6516 0
6.6524 0
6.6532 0
6.654 0
6.6548 0
6.6556 0
6.6564 0
6.6572 0
6.658 0
6.6588 0
6.6596 0
6.6604 0
6.6612 0
6.662 0
6.6628 0
6.6636 0
6.6644 0
6.6652 0
6.666 0
6.6668 0
6.6676 0
6.6684 0
6.6692 0
6.67 0
6.6708 0
6.6716 0
6.6724 0
6.6732 0
6.674 0
6.6748 0
6.6756 0
6.6764 0
6.6772 0
6.678 0
6.6788 0
6.6796 0
6.6804 0
6.6812 0
6.682 0
6.6828 0
6.6836 0
6.6844 0
6.6852 0
6.686 0
6.6868 0
6.6876 0
6.6884 0
6.6892 0
6.69 0
6.6908 0
6.6916 0
6.6924 0
6.6932 0
6.694 0
6.6948 0
6.6956 0
6.6964 0
6.6972 0
6.698 0
6.6988 0
6.6996 0
6.7004 0
6.7012 0
6.702 0
6.7028 0
6.7036 1
6.7044 0
6.7052 0
6.706 0
6.7068 0
6.7076 0
6.7084 0
6.7092 0
6.71 0
6.7108 0
6.7116 0
6.7124 0
6.7132 0
6.714 0
6.7148 0
6.7156 0
6.7164 0
6.7172 0
6.718 0
6.7188 0
6.7196 0
6.7204 0
6.7212 0
6.722 0
6.7228 0
6.7236 0
6.7244 0
6.7252 0
6.726 0
6.7268 0
6.7276 0
6.7284 0
6.7292 0
6.73 0
6.7308 0
6.7316 0
6.7324 0
6.7332 0
6.734 0
6.7348 0
6.7356 0
6.7364 0
6.7372 0
6.738 0
6.7388 0
6.7396 0
6.7404 0
6.7412 0
6.742 0
6.7428 0
6.7436 0
6.7444 0
6.7452 0
6.746 0
6.7468 0
6.7476 0
6.7484 0
6.7492 0
6.75 0
6.7508 0
6.7516 0
6.7524 0
6.7532 0
6.754 0
6.7548 0
6.7556 0
6.7564 0
6.7572 0
6.758 0
6.7588 0
6.7596 0
6.7604 0
6.7612 0
6.762 0
6.7628 0
6.7636 0
6.7644 0
6.7652 0
6.766 0
6.7668 0
6.7676 0
6.7684 0
6.7692 0
6.77 0
6.7708 0
6.7716 0
6.7724 0
6.7732 0
6.774 0
6.7748 0
6.7756 0
6.7764 0
6.7772 0
6.778 0
6.7788 0
6.7796 0
6.7804 0
6.7812 0
6.782 0
6.7828 0
6.7836 0
6.7844 0
6.7852 0
6.786 0
6.7868 0
6.7876 0
6.7884 0
6.7892 0
6.79 0
6.7908 0
6.7916 0
6.7924 0
6.7932 0
6.794 0
6.7948 0
6.7956 0
6.7964 0
6.7972 0
6.798 0
6.7988 0
6.7996 0
6.8004 0
6.8012 0
6.802 0
6.8028 0
6.8036 0
6.8044 0
6.8052 0
6.806 0
6.8068 0
6.8076 0
6.8084 0
6.8092 0
6.81 0
6.8108 0
6.8116 0
6.8124 0
6.8132 0
6.814 0
6.8148 0
6.8156 0
6.8164 0
6.8172 0
6.818 0
6.8188 0
6.8196 0
6.8204 0
6.8212 0
6.822 0
6.8228 0
6.8236 0
6.8244 0
6.8252 0
6.826 0
6.8268 0
6.8276 0
6.8284 0
6.8292 0
6.83 0
6.8308 0
6.8316 0
6.8324 0
6.8332 0
6.834 0
6.8348 0
6.8356 0
6.8364 0
6.8372 0
6.838 0
6.8388 0
6.8396 0
6.8404 0
6.8412 0
6.842 0
6.8428 0
6.8436 0
6.8444 0
6.8452 0
6.846 0
6.8468 0
6.8476 0
6.8484 0
6.8492 0
6.85 0
6.8508 0
6.8516 0
6.8524 0
6.8532 0
6.854 0
6.8548 0
6.8556 0
6.8564 0
6.8572 0
6.858 0
6.8588 0
6.8596 0
6.8604 0
6.8612 0
6.862 0
6.8628 0
6.8636 0
6.8644 0
6.8652 0
6.866 0
6.8668 0
6.8676 0
6.8684 0
6.8692 0
6.87 0
6.8708 0
6.8716 0
6.8724 0
6.8732 0
6.874 0
6.8748 0
6.8756 0
6.8764 0
6.8772 0
6.878 0
6.8788 0
6.8796 0
6.8804 0
6.8812 0
6.882 0
6.8828 0
6.8836 0
6.8844 0
6.8852 0
6.886 0
6.8868 0
6.8876 0
6.8884 0
6.8892 0
6.89 0
6.8908 0
6.8916 0
6.8924 0
6.8932 0
6.894 0
6.8948 0
6.8956 0
6.8964 0
6.8972 0
6.898 0
6.8988 0
6.8996 0
6.9004 0
6.9012 0
6.902 0
6.9028 0
6.9036 0
6.9044 0
6.9052 0
6.906 0
6.9068 0
6.9076 0
6.9084 0
6.9092 0
6.91 0
6.9108 0
6.9116 0
6.9124 0
6.9132 0
6.914 0
6.9148 0
6.9156 0
6.9164 0
6.9172 0
6.918 0
6.9188 0
6.9196 0
6.9204 0
6.9212 0
6.922 0
6.9228 0
6.9236 0
6.9244 0
6.9252 0
6.926 1
6.9268 0
6.9276 0
6.9284 0
6.9292 0
6.93 0
6.9308 0
6.9316 1
6.9324 0
6.9332 0
6.934 0
6.9348 0
6.9356 0
6.9364 0
6.9372 0
6.938 0
6.9388 0
6.9396 0
6.9404 0
6.9412 0
6.942 0
6.9428 0
6.9436 0
6.9444 0
6.9452 0
6.946 0
6.9468 0
6.9476 0
6.9484 0
6.9492 0
6.95 0
6.9508 0
6.9516 0
6.9524 0
6.9532 0
6.954 0
6.9548 0
6.9556 0
6.9564 0
6.9572 0
6.958 0
6.9588 0
6.9596 0
6.9604 0
6.9612 0
6.962 0
6.9628 0
6.9636 0
6.9644 0
6.9652 0
6.966 0
6.9668 0
6.9676 0
6.9684 0
6.9692 0
6.97 0
6.9708 0
6.9716 0
6.9724 0
6.9732 0
6.974 0
6.9748 1
6.9756 0
6.9764 0
6.9772 0
6.978 0
6.9788 0
6.9796 0
6.9804 0
6.9812 0
6.982 0
6.9828 0
6.9836 0
6.9844 0
6.9852 0
6.986 0
6.9868 0
6.9876 0
6.9884 0
6.9892 0
6.99 0
6.9908 0
6.9916 0
6.9924 0
6.9932 0
6.994 0
6.9948 0
6.9956 0
6.9964 0
6.9972 0
6.998 0
6.9988 0
6.9996 0
7.0004 0
7.0012 0
7.002 0
7.0028 0
7.0036 0
7.0044 0
7.0052 0
7.006 0
7.0068 0
7.0076 0
7.0084 0
7.0092 0
7.01 0
7.0108 0
7.0116 0
7.0124 0
7.0132 0
7.014 0
7.0148 0
7.0156 0
7.0164 1
7.0172 0
7.018 0
7.0188 0
7.0196 0
7.0204 0
7.0212 0
7.022 0
7.0228 0
7.0236 0
7.0244 0
7.0252 0
7.026 0
7.0268 0
7.0276 0
7.0284 0
7.0292 0
7.03 0
7.0308 0
7.0316 0
7.0324 0
7.0332 0
7.034 0
7.0348 0
7.0356 0
7.0364 0
7.0372 0
7.038 0
7.0388 0
7.0396 0
7.0404 0
7.0412 0
7.042 0
7.0428 0
7.0436 0
7.0444 0
7.0452 0
7.046 0
7.0468 0
7.0476 0
7.0484 0
7.0492 0
7.05 0
7.0508 0
7.0516 0
7.0524 0
7.0532 0
7.054 0
7.0548 0
7.0556 0
7.0564 0
7.0572 0
7.058 0
7.0588 0
7.0596 0
7.0604 0
7.0612 0
7.062 0
7.0628 0
7.0636 0
7.0644 0
7.0652 0
7.066 0
7.0668 0
7.0676 0
7.0684 1
7.0692 0
7.07 0
7.0708 0
7.0716 0
7.0724 0
7.0732 0
7.074 0
7.0748 0
7.0756 0
7.0764 0
7.0772 0
7.078 0
7.0788 0
7.0796 0
7.0804 1
7.0812 0
7.082 0
7.0828 0
7.0836 0
7.0844 0
7.0852 0
7.086 0
7.0868 0
7.0876 0
7.0884 0
7.0892 0
7.09 0
7.0908 0
7.0916 0
7.0924 0
7.0932 0
7.094 0
7.0948 0
7.0956 0
7.0964 0
7.0972 0
7.098 0
7.0988 0
7.0996 0
7.1004 0
7.1012 0
7.102 0
7.1028 0
7.1036 0
7.1044 0
7.1052 0
7.106 0
7.1068 0
7.1076 0
7.1084 0
7.1092 0
7.11 0
7.1108 0
7.1116 0
7.1124 0
7.1132 0
7.114 0
7.1148 0
7.1156 0
7.1164 0
7.1172 0
7.118 0
7.1188 0
7.1196 0
7.1204 0
7.1212 0
7.122 0
7.1228 0
7.1236 0
7.1244 0
7.1252 0
7.126 0
7.1268 0
7.1276 0
7.1284 0
7.1292 0
7.13 0
7.1308 0
7.1316 0
7.1324 0
7.1332 0
7.134 0
7.1348 0
7.1356 0
7.1364 0
7.1372 0
7.138 0
7.1388 0
7.1396 0
7.1404 0
7.1412 0
7.142 0
7.1428 0
7.1436 0
7.1444 0
7.1452 0
7.146 0
7.1468 0
7.1476 0
7.1484 0
7.1492 0
7.15 0
7.1508 0
7.1516 0
7.1524 0
7.1532 0
7.154 0
7.1548 0
7.1556 0
7.1564 0
7.1572 0
7.158 0
7.1588 0
7.1596 0
7.1604 0
7.1612 0
7.162 0
7.1628 0
7.1636 0
7.1644 0
7.1652 0
7.166 0
7.1668 0
7.1676 0
7.1684 0
7.1692 0
7.17 0
7.1708 0
7.1716 0
7.1724 0
7.1732 0
7.174 0
7.1748 0
7.1756 0
7.1764 0
7.1772 0
7.178 0
7.1788 0
7.1796 0
7.1804 0
7.1812 0
7.182 0
7.1828 0
7.1836 0
7.1844 0
7.1852 0
7.186 0
7.1868 0
7.1876 0
7.1884 0
7.1892 0
7.19 0
7.1908 0
7.1916 0
7.1924 0
7.1932 0
7.194 0
7.1948 0
7.1956 0
7.1964 0
7.1972 0
7.198 0
7.1988 0
7.1996 0
7.2004 0
7.2012 0
7.202 0
7.2028 0
7.2036 0
7.2044 0
7.2052 0
7.206 0
7.2068 0
7.2076 0
7.2084 0
7.2092 0
7.21 0
7.2108 0
7.2116 0
7.2124 0
7.2132 0
7.214 0
7.2148 0
7.2156 0
7.2164 0
7.2172 0
7.218 0
7.2188 0
7.2196 0
7.2204 0
7.2212 0
7.222 0
7.2228 0
7.2236 0
7.2244 0
7.2252 0
7.226 0
7.2268 0
7.2276 0
7.2284 0
7.2292 0
7.23 0
7.2308 0
7.2316 0
7.2324 0
7.2332 0
7.234 0
7.2348 0
7.2356 0
7.2364 0
7.2372 0
7.238 0
7.2388 0
7.2396 0
7.2404 0
7.2412 0
7.242 0
7.2428 0
7.2436 0
7.2444 0
7.2452 0
7.246 0
7.2468 0
7.2476 0
7.2484 0
7.2492 0
7.25 0
7.2508 0
7.2516 0
7.2524 0
7.2532 0
7.254 0
7.2548 0
7.2556 0
7.2564 0
7.2572 0
7.258 0
7.2588 0
7.2596 0
7.2604 0
7.2612 0
7.262 0
7.2628 0
7.2636 0
7.2644 0
7.2652 0
7.266 0
7.2668 1
7.2676 0
7.2684 0
7.2692 0
7.27 0
7.2708 0
7.2716 0
7.2724 0
7.2732 0
7.274 0
7.2748 0
7.2756 0
7.2764 0
7.2772 0
7.278 0
7.2788 0
7.2796 0
7.2804 0
7.2812 0
7.282 0
7.2828 0
7.2836 0
7.2844 0
7.2852 0
7.286 0
7.2868 0
7.2876 0
7.2884 0
7.2892 0
7.29 0
7.2908 0
7.2916 0
7.2924 0
7.2932 0
7.294 0
7.2948 0
7.2956 0
7.2964 0
7.2972 0
7.298 0
7.2988 0
7.2996 0
7.3004 0
7.3012 0
7.302 0
7.3028 0
7.3036 0
7.3044 0
7.3052 0
7.306 0
7.3068 0
7.3076 0
7.3084 0
7.3092 0
7.31 0
7.3108 0
7.3116 0
7.3124 0
7.3132 0
7.314 0
7.3148 0
7.3156 0
7.3164 0
7.3172 0
7.318 0
7.3188 0
7.3196 0
7.3204 0
7.3212 0
7.322 0
7.3228 0
7.3236 0
7.3244 0
7.3252 0
7.326 0
7.3268 0
7.3276 0
7.3284 0
7.3292 0
7.33 0
7.3308 0
7.3316 0
7.3324 0
7.3332 0
7.334 0
7.3348 0
7.3356 0
7.3364 0
7.3372 0
7.338 0
7.3388 0
7.3396 0
7.3404 0
7.3412 0
7.342 0
7.3428 0
7.3436 0
7.3444 0
7.3452 0
7.346 0
7.3468 0
7.3476 0
7.3484 0
7.3492 0
7.35 0
7.3508 0
7.3516 0
7.3524 0
7.3532 0
7.354 0
7.3548 0
7.3556 0
7.3564 0
7.3572 0
7.358 0
7.3588 0
7.3596 0
7.3604 0
7.3612 0
7.362 0
7.3628 0
7.3636 0
7.3644 0
7.3652 0
7.366 0
7.3668 0
7.3676 0
7.3684 0
7.3692 0
7.37 0
7.3708 0
7.3716 0
7.3724 0
7.3732 0
7.374 0
7.3748 0
7.3756 0
7.3764 0
7.3772 0
7.378 0
7.3788 0
7.3796 0
7.3804 0
7.3812 0
7.382 0
7.3828 0
7.3836 0
7.3844 0
7.3852 0
7.386 0
7.3868 0
7.3876 0
7.3884 0
7.3892 0
7.39 0
7.3908 0
7.3916 0
7.3924 0
7.3932 0
7.394 0
7.3948 0
7.3956 0
7.3964 0
7.3972 0
7.398 0
7.3988 0
7.3996 0
7.4004 0
7.4012 0
7.402 0
7.4028 0
7.4036 0
7.4044 0
7.4052 0
7.406 0
7.4068 0
7.4076 0
7.4084 0
7.4092 0
7.41 0
7.4108 0
7.4116 0
7.4124 0
7.4132 0
7.414 0
7.4148 0
7.4156 0
7.4164 0
7.4172 0
7.418 0
7.4188 0
7.4196 0
7.4204 0
7.4212 0
7.422 0
7.4228 0
7.4236 0
7.4244 0
7.4252 0
7.426 0
7.4268 0
7.4276 0
7.4284 0
7.4292 0
7.43 0
7.4308 0
7.4316 0
7.4324 0
7.4332 0
7.434 0
7.4348 0
7.4356 0
7.4364 0
7.4372 0
7.438 0
7.4388 0
7.4396 0
7.4404 0
7.4412 0
7.442 0
7.4428 0
7.4436 0
7.4444 0
7.4452 0
7.446 0
7.4468 0
7.4476 0
7.4484 0
7.4492 0
7.45 0
7.4508 0
7.4516 0
7.4524 0
7.4532 0
7.454 0
7.4548 0
7.4556 0
7.4564 1
7.4572 0
7.458 0
7.4588 0
7.4596 0
7.4604 0
7.4612 0
7.462 0
7.4628 0
7.4636 0
7.4644 0
7.4652 0
7.466 0
7.4668 0
7.4676 0
7.4684 0
7.4692 0
7.47 0
7.4708 0
7.4716 0
7.4724 0
7.4732 0
7.474 0
7.4748 0
7.4756 0
7.4764 0
7.4772 0
7.478 0
7.4788 0
7.4796 0
7.4804 0
7.4812 0
7.482 0
7.4828 0
7.4836 0
7.4844 0
7.4852 0
7.486 0
7.4868 0
7.4876 0
7.4884 0
7.4892 0
7.49 0
7.4908 0
7.4916 0
7.4924 0
7.4932 0
7.494 0
7.4948 0
7.4956 0
7.4964 0
7.4972 0
7.498 0
7.4988 0
7.4996 0
7.5004 0
7.5012 0
7.502 0
7.5028 0
7.5036 0
7.5044 0
7.5052 0
7.506 0
7.5068 0
7.5076 0
7.5084 0
7.5092 0
7.51 0
7.5108 0
7.5116 0
7.5124 0
7.5132 0
7.514 0
7.5148 0
7.5156 0
7.5164 0
7.5172 0
7.518 0
7.5188 0
7.5196 0
7.5204 0
7.5212 0
7.522 0
7.5228 0
7.5236 0
7.5244 0
7.5252 0
7.526 0
7.5268 0
7.5276 0
7.5284 0
7.5292 0
7.53 0
7.5308 0
7.5316 1
7.5324 0
7.5332 0
7.534 0
7.5348 0
7.5356 0
7.5364 0
7.5372 0
7.538 0
7.5388 0
7.5396 0
7.5404 0
7.5412 0
7.542 0
7.5428 0
7.5436 0
7.5444 0
7.5452 0
7.546 0
7.5468 0
7.5476 0
7.5484 0
7.5492 0
7.55 0
7.5508 0
7.5516 0
7.5524 0
7.5532 0
7.554 0
7.5548 1
7.5556 0
7.5564 0
7.5572 0
7.558 0
7.5588 0
7.5596 0
7.5604 0
7.5612 0
7.562 0
7.5628 0
7.5636 0
7.5644 0
7.5652 0
7.566 0
7.5668 0
7.5676 0
7.5684 0
7.5692 0
7.57 0
7.5708 0
7.5716 0
7.5724 0
7.5732 0
7.574 0
7.5748 0
7.5756 0
7.5764 0
7.5772 0
7.578 0
7.5788 0
7.5796 0
7.5804 1
7.5812 0
7.582 0
7.5828 0
7.5836 0
7.5844 0
7.5852 0
7.586 0
7.5868 0
7.5876 0
7.5884 1
7.5892 0
7.59 0
7.5908 0
7.5916 0
7.5924 0
7.5932 0
7.594 0
7.5948 1
7.5956 0
7.5964 0
7.5972 0
7.598 0
7.5988 0
7.5996 0
7.6004 0
7.6012 0
7.602 0
7.6028 0
7.6036 0
7.6044 0
7.6052 0
7.606 0
7.6068 0
7.6076 0
7.6084 0
7.6092 0
7.61 0
7.6108 0
7.6116 0
7.6124 0
7.6132 0
7.614 0
7.6148 0
7.6156 0
7.6164 1
7.6172 0
7.618 0
7.6188 0
7.6196 0
7.6204 0
7.6212 0
7.622 0
7.6228 0
7.6236 0
7.6244 0
7.6252 0
7.626 0
7.6268 0
7.6276 0
7.6284 0
7.6292 0
7.63 0
7.6308 0
7.6316 0
7.6324 1
7.6332 0
7.634 0
7.6348 0
7.6356 0
7.6364 0
7.6372 0
7.638 0
7.6388 0
7.6396 0
7.6404 0
7.6412 0
7.642 0
7.6428 0
7.6436 0
7.6444 0
7.6452 0
7.646 0
7.6468 0
7.6476 0
7.6484 0
7.6492 0
7.65 0
7.6508 1
7.6516 0
7.6524 0
7.6532 1
7.654 1
7.6548 0
7.6556 0
7.6564 0
7.6572 0
7.658 1
7.6588 0
7.6596 0
7.6604 0
7.6612 0
7.662 0
7.6628 0
7.6636 0
7.6644 1
7.6652 0
7.666 1
7.6668 2
7.6676 0
7.6684 0
7.6692 0
7.67 0
7.6708 1
7.6716 0
7.6724 0
7.6732 0
7.674 0
7.6748 1
7.6756 0
7.6764 1
7.6772 0
7.678 1
7.6788 0
7.6796 1
7.6804 0
7.6812 2
7.682 0
7.6828 0
7.6836 0
7.6844 0
7.6852 1
7.686 0
7.6868 1
7.6876 0
7.6884 1
7.6892 2
7.69 0
7.6908 0
7.6916 0
7.6924 1
7.6932 0
7.694 2
7.6948 0
7.6956 0
7.6964 0
7.6972 0
7.698 0
7.6988 0
7.6996 0
7.7004 1
7.7012 0
7.702 1
7.7028 0
7.7036 1
7.7044 0
7.7052 0
7.706 0
7.7068 0
7.7076 0
7.7084 1
7.7092 0
7.71 0
7.7108 1
7.7116 0
7.7124 0
7.7132 0
7.714 0
7.7148 0
7.7156 0
7.7164 1
7.7172 0
7.718 0
7.7188 1
7.7196 0
7.7204 0
7.7212 0
7.722 0
7.7228 1
7.7236 0
7.7244 0
7.7252 0
7.726 0
7.7268 0
7.7276 0
7.7284 0
7.7292 0
7.73 0
7.7308 2
7.7316 0
7.7324 0
7.7332 0
7.734 1
7.7348 2
7.7356 1
7.7364 2
7.7372 0
7.738 0
7.7388 1
7.7396 0
7.7404 0
7.7412 0
7.742 2
7.7428 2
7.7436 0
7.7444 0
7.7452 1
7.746 0
7.7468 4
7.7476 0
7.7484 2
7.7492 3
7.75 0
7.7508 0
7.7516 1
7.7524 1
7.7532 1
7.754 3
7.7548 1
7.7556 1
7.7564 2
7.7572 0
7.758 2
7.7588 2
7.7596 0
7.7604 1
7.7612 1
7.762 1
7.7628 0
7.7636 2
7.7644 1
7.7652 0
7.766 0
7.7668 1
7.7676 2
7.7684 2
7.7692 1
7.77 1
7.7708 0
7.7716 1
7.7724 0
7.7732 2
7.774 0
7.7748 0
7.7756 0
7.7764 1
7.7772 3
7.778 1
7.7788 0
7.7796 0
7.7804 0
7.7812 0
7.782 1
7.7828 2
7.7836 0
7.7844 0
7.7852 2
7.786 0
7.7868 0
7.7876 3
7.7884 0
7.7892 2
7.79 2
7.7908 1
7.7916 1
7.7924 1
7.7932 1
7.794 1
7.7948 2
7.7956 0
7.7964 0
7.7972 2
7.798 1
7.7988 1
7.7996 1
7.8004 1
7.8012 0
7.802 0
7.8028 0
7.8036 0
7.8044 3
7.8052 0
7.806 0
7.8068 1
7.8076 2
7.8084 0
7.8092 1
7.81 0
7.8108 1
7.8116 2
7.8124 1
7.8132 3
7.814 0
7.8148 1
7.8156 0
7.8164 0
7.8172 0
7.818 0
7.8188 2
7.8196 0
7.8204 0
7.8212 0
7.822 4
7.8228 0
7.8236 2
7.8244 0
7.8252 0
7.826 0
7.8268 2
7.8276 3
7.8284 1
7.8292 2
7.83 1
7.8308 0
7.8316 1
7.8324 1
7.8332 2
7.834 0
7.8348 0
7.8356 0
7.8364 2
7.8372 1
7.838 1
7.8388 0
7.8396 0
7.8404 2
7.8412 3
7.842 1
7.8428 1
7.8436 1
7.8444 2
7.8452 1
7.846 3
7.8468 1
7.8476 0
7.8484 1
7.8492 1
7.85 1
7.8508 1
7.8516 2
7.8524 0
7.8532 0
7.854 1
7.8548 1
7.8556 1
7.8564 0
7.8572 1
7.858 2
7.8588 2
7.8596 0
7.8604 1
7.8612 2
7.862 1
7.8628 2
7.8636 4
7.8644 0
7.8652 1
7.866 4
7.8668 0
7.8676 1
7.8684 1
7.8692 0
7.87 1
7.8708 0
7.8716 0
7.8724 3
7.8732 1
7.874 1
7.8748 1
7.8756 1
7.8764 0
7.8772 0
7.878 1
7.8788 3
7.8796 1
7.8804 2
7.8812 1
7.882 1
7.8828 1
7.8836 0
7.8844 3
7.8852 1
7.886 0
7.8868 1
7.8876 3
7.8884 0
7.8892 0
7.89 1
7.8908 1
7.8916 1
7.8924 0
7.8932 1
7.894 1
7.8948 1
7.8956 2
7.8964 1
7.8972 0
7.898 1
7.8988 2
7.8996 3
7.9004 1
7.9012 0
7.902 0
7.9028 2
7.9036 1
7.9044 1
7.9052 2
7.906 0
7.9068 1
7.9076 3
7.9084 2
7.9092 1
7.91 1
7.9108 2
7.9116 2
7.9124 3
7.9132 2
7.914 2
7.9148 3
7.9156 3
7.9164 1
7.9172 1
7.918 2
7.9188 0
7.9196 2
7.9204 3
7.9212 0
7.922 0
7.9228 2
7.9236 0
7.9244 2
7.9252 2
7.926 1
7.9268 2
7.9276 4
7.9284 1
7.9292 2
7.93 2
7.9308 2
7.9316 0
7.9324 1
7.9332 1
7.934 1
7.9348 1
7.9356 2
7.9364 2
7.9372 1
7.938 2
7.9388 3
7.9396 1
7.9404 1
7.9412 3
7.942 1
7.9428 0
7.9436 0
7.9444 2
7.9452 1
7.946 1
7.9468 0
7.9476 1
7.9484 4
7.9492 3
7.95 2
7.9508 1
7.9516 0
7.9524 2
7.9532 3
7.954 2
7.9548 1
7.9556 1
7.9564 1
7.9572 0
7.958 2
7.9588 5
7.9596 0
7.9604 0
7.9612 3
7.962 1
7.9628 1
7.9636 0
7.9644 1
7.9652 0
7.966 2
7.9668 3
7.9676 0
7.9684 3
7.9692 5
7.97 1
7.9708 1
7.9716 3
7.9724 3
7.9732 2
7.974 2
7.9748 0
7.9756 1
7.9764 0
7.9772 1
7.978 1
7.9788 2
7.9796 2
7.9804 3
7.9812 0
7.982 5
7.9828 1
7.9836 1
7.9844 2
7.9852 0
7.986 1
7.9868 2
7.9876 2
7.9884 0
7.9892 2
7.99 0
7.9908 1
7.9916 2
7.9924 1
7.9932 0
7.994 0
7.9948 0
7.9956 0
7.9964 0
7.9972 0
7.998 2
7.9988 0
