-0.004 0
0.004 33
0.012 29
0.02 21
0.028 26
0.036 25
0.044 24
0.052 26
0.06 34
0.068 28
0.076 23
0.084 24
0.092 24
0.1 20
0.108 23
0.116 17
0.124 22
0.132 12
0.14 18
0.148 14
0.156 12
0.164 19
0.172 11
0.18 15
0.188 10
0.196 17
0.204 14
0.212 12
0.22 10
0.228 8
0.236 8
0.244 8
0.252 11
0.26 5
0.268 4
0.276 4
0.284 6
0.292 3
0.3 8
0.308 8
0.316 7
0.324 4
0.332 7
0.34 4
0.348 6
0.356 7
0.364 5
0.372 5
0.38 7
0.388 8
0.396 10
0.404 4
0.412 11
0.42 10
0.428 18
0.436 30
0.444 35
0.452 54
0.46 58
0.468 71
0.476 96
0.484 121
0.492 174
0.5 217
0.508 274
0.516 297
0.524 388
0.532 492
0.54 581
0.548 673
0.556 794
0.564 935
0.572 1078
0.58 1194
0.588 1394
0.596 1568
0.604 1790
0.612 2006
0.62 2227
0.628 2292
0.636 2482
0.644 2887
0.652 2988
0.66 3157
0.668 3408
0.676 3605
0.684 3862
0.692 3926
0.7 4237
0.708 4413
0.716 4410
0.724 4778
0.732 4923
0.74 5109
0.748 5242
0.756 5586
0.764 5750
0.772 5876
0.78 5980
0.788 6169
0.796 6307
0.804 6523
0.812 6515
0.82 6621
0.828 6667
0.836 6773
0.844 6850
0.852 6725
0.86 6571
0.868 6610
0.876 6722
0.884 6740
0.892 6430
0.9 6512
0.908 6206
0.916 6192
0.924 6220
0.932 6046
0.94 5786
0.948 5661
0.956 5516
0.964 5443
0.972 5255
0.98 5016
0.988 4767
0.996 4589
1.004 4686
1.012 4519
1.02 4485
1.028 4133
1.036 4088
1.044 3912
1.052 3764
1.06 3563
1.068 3614
1.076 3268
1.084 3266
1.092 3236
1.1 3091
1.108 2869
1.116 2906
1.124 2825
1.132 2676
1.14 2680
1.148 2576
1.156 2544
1.164 2514
1.172 2308
1.18 2351
1.188 2237
1.196 2193
1.204 2040
1.212 2090
1.22 2067
1.228 1974
1.236 1973
1.244 2015
1.252 2002
1.26 1962
1.268 1837
1.276 1912
1.284 1842
1.292 1858
1.3 1769
1.308 1763
1.316 1748
1.324 1709
1.332 1676
1.34 1679
1.348 1516
1.356 1586
1.364 1577
1.372 1511
1.38 1537
1.388 1397
1.396 1464
1.404 1411
1.412 1320
1.42 1360
1.428 1299
1.436 1228
1.444 1180
1.452 1158
1.46 1127
1.468 1127
1.476 1142
1.484 1041
1.492 1007
1.5 1029
1.508 964
1.516 938
1.524 931
1.532 867
1.54 827
1.548 811
1.556 770
1.564 725
1.572 694
1.58 719
1.588 693
1.596 707
1.604 649
1.612 636
1.62 665
1.628 592
1.636 578
1.644 582
1.652 521
1.66 531
1.668 462
1.676 492
1.684 460
1.692 473
1.7 447
1.708 427
1.716 430
1.724 423
1.732 392
1.74 400
1.748 409
1.756 376
1.764 397
1.772 381
1.78 369
1.788 343
1.796 368
1.804 356
1.812 349
1.82 338
1.828 320
1.836 321
1.844 337
1.852 302
1.86 281
1.868 316
1.876 344
1.884 290
1.892 290
1.9 287
1.908 302
1.916 286
1.924 234
1.932 304
1.94 263
1.948 284
1.956 245
1.964 258
1.972 240
1.98 207
1.988 235
1.996 207
2.004 197
2.012 220
2.02 186
2.028 198
2.036 189
2.044 204
2.052 177
2.06 181
2.068 171
2.076 160
2.084 160
2.092 157
2.1 166
2.108 141
2.116 127
2.124 148
2.132 108
2.14 128
2.148 144
2.156 123
2.164 114
2.172 128
2.18 111
2.188 114
2.196 84
2.204 102
2.212 88
2.22 95
2.228 78
2.236 104
2.244 79
2.252 95
2.26 85
2.268 70
2.276 81
2.284 88
2.292 73
2.3 68
2.308 75
2.316 68
2.324 82
2.332 73
2.34 73
2.348 75
2.356 71
2.364 63
2.372 51
2.38 64
2.388 68
2.396 49
2.404 68
2.412 63
2.42 61
2.428 42
2.436 53
2.444 44
2.452 41
2.46 47
2.468 44
2.476 31
2.484 36
2.492 39
2.5 43
2.508 54
2.516 39
2.524 35
2.532 48
2.54 30
2.548 30
2.556 33
2.564 37
2.572 39
2.58 25
2.588 29
2.596 33
2.604 27
2.612 20
2.62 21
2.628 31
2.636 21
2.644 21
2.652 16
2.66 23
2.668 22
2.676 32
2.684 18
2.692 21
2.7 20
2.708 24
2.716 22
2.724 16
2.732 27
2.74 12
2.748 16
2.756 18
2.764 18
2.772 10
2.78 16
2.788 10
2.796 21
2.804 15
2.812 11
2.82 12
2.828 14
2.836 10
2.844 5
2.852 16
2.86 12
2.868 6
2.876 8
2.884 15
2.892 10
2.9 13
2.908 15
2.916 13
2.924 12
2.932 6
2.94 14
2.948 7
2.956 13
2.964 7
2.972 6
2.98 7
2.988 9
2.996 3
3.004 9
3.012 13
3.02 7
3.028 5
3.036 8
3.044 5
3.052 7
3.06 5
3.068 8
3.076 9
3.084 10
3.092 5
3.1 2
3.108 6
3.116 6
3.124 10
3.132 4
3.14 6
3.148 6
3.156 4
3.164 1
3.172 10
3.18 4
3.188 4
3.196 5
3.204 3
3.212 4
3.22 2
3.228 5
3.236 3
3.244 5
3.252 2
3.26 6
3.268 5
3.276 2
3.284 1
3.292 1
3.3 2
3.308 3
3.316 2
3.324 2
3.332 1
3.34 6
3.348 3
3.356 2
3.364 2
3.372 2
3.38 2
3.388 2
3.396 2
3.404 3
3.412 0
3.42 1
3.428 2
3.436 0
3.444 0
3.452 1
3.46 2
3.468 4
3.476 1
3.484 2
3.492 1
3.5 0
3.508 2
3.516 1
3.524 1
3.532 3
3.54 0
3.548 0
3.556 0
3.564 0
3.572 1
3.58 1
3.588 0
3.596 0
3.604 2
3.612 1
3.62 1
3.628 2
3.636 0
3.644 0
3.652 0
3.66 1
3.668 0
3.676 0
3.684 1
3.692 0
3.7 0
3.708 1
3.716 0
3.724 0
3.732 0
3.74 0
3.748 1
3.756 1
3.764 0
3.772 0
3.78 3
3.788 1
3.796 0
3.804 0
3.812 0
3.82 0
3.828 0
3.836 0
3.844 1
3.852 1
3.86 0
3.868 0
3.876 0
3.884 0
3.892 0
3.9 0
3.908 0
3.916 1
3.924 1
3.932 0
3.94 0
3.948 1
3.956 0
3.964 0
3.972 0
3.98 0
3.988 0
3.996 1
4.004 0
4.012 2
4.02 0
4.028 0
4.036 0
4.044 0
4.052 1
4.06 0
4.068 0
4.076 2
4.084 0
4.092 0
4.1 0
4.108 0
4.116 0
4.124 0
4.132 0
4.14 0
4.148 0
4.156 0
4.164 0
4.172 0
4.18 0
4.188 1
4.196 0
4.204 0
4.212 0
4.22 0
4.228 1
4.236 0
4.244 0
4.252 1
4.26 0
4.268 0
4.276 0
4.284 0
4.292 0
4.3 1
4.308 0
4.316 0
4.324 0
4.332 1
4.34 0
4.348 0
4.356 0
4.364 0
4.372 0
4.38 0
4.388 1
4.396 0
4.404 0
4.412 1
4.42 1
4.428 1
4.436 0
4.444 1
4.452 0
4.46 1
4.468 0
4.476 0
4.484 0
4.492 1
4.5 0
4.508 0
4.516 0
4.524 0
4.532 0
4.54 0
4.548 0
4.556 0
4.564 0
4.572 0
4.58 0
4.588 2
4.596 1
4.604 0
4.612 0
4.62 0
4.628 0
4.636 0
4.644 0
4.652 0
4.66 0
4.668 0
4.676 0
4.684 0
4.692 1
4.7 0
4.708 0
4.716 0
4.724 0
4.732 0
4.74 1
4.748 0
4.756 0
4.764 0
4.772 0
4.78 0
4.788 1
4.796 0
4.804 0
4.812 0
4.82 0
4.828 0
4.836 0
4.844 0
4.852 0
4.86 0
4.868 0
4.876 0
4.884 0
4.892 0
4.9 0
4.908 0
4.916 1
4.924 0
4.932 0
4.94 0
4.948 1
4.956 0
4.964 2
4.972 1
4.98 1
4.988 0
4.996 0
5.004 0
5.012 0
5.02 1
5.028 0
5.036 0
5.044 1
5.052 0
5.06 1
5.068 1
5.076 0
5.084 3
5.092 0
5.1 0
5.108 0
5.116 1
5.124 0
5.132 0
5.14 0
5.148 0
5.156 0
5.164 0
5.172 0
5.18 0
5.188 0
5.196 1
5.204 0
5.212 0
5.22 0
5.228 0
5.236 1
5.244 0
5.252 0
5.26 0
5.268 0
5.276 1
5.284 0
5.292 0
5.3 0
5.308 0
5.316 0
5.324 1
5.332 0
5.34 0
5.348 0
5.356 0
5.364 0
5.372 1
5.38 0
5.388 0
5.396 1
5.404 0
5.412 1
5.42 0
5.428 0
5.436 1
5.444 0
5.452 1
5.46 0
5.468 0
5.476 0
5.484 0
5.492 0
5.5 0
5.508 1
5.516 0
5.524 0
5.532 0
5.54 0
5.548 2
5.556 0
5.564 0
5.572 0
5.58 0
5.588 0
5.596 0
5.604 0
5.612 1
5.62 0
5.628 0
5.636 0
5.644 0
5.652 1
5.66 0
5.668 0
5.676 0
5.684 0
5.692 0
5.7 0
5.708 0
5.716 2
5.724 0
5.732 1
5.74 0
5.748 0
5.756 1
5.764 0
5.772 0
5.78 0
5.788 1
5.796 0
5.804 0
5.812 0
5.82 1
5.828 0
5.836 1
5.844 0
5.852 1
5.86 0
5.868 1
5.876 1
5.884 0
5.892 0
5.9 1
5.908 0
5.916 1
5.924 0
5.932 0
5.94 0
5.948 0
5.956 0
5.964 0
5.972 0
5.98 0
5.988 0
5.996 0
6.004 2
6.012 0
6.02 0
6.028 1
6.036 2
6.044 0
6.052 0
6.06 0
6.068 0
6.076 0
6.084 1
6.092 0
6.1 0
6.108 0
6.116 0
6.124 0
6.132 0
6.14 0
6.148 0
6.156 0
6.164 0
6.172 0
6.18 0
6.188 1
6.196 0
6.204 0
6.212 0
6.22 0
6.228 0
6.236 0
6.244 0
6.252 0
6.26 2
6.268 0
6.276 0
6.284 0
6.292 1
6.3 0
6.308 1
6.316 0
6.324 0
6.332 0
6.34 0
6.348 0
6.356 0
6.364 1
6.372 0
6.38 0
6.388 0
6.396 0
6.404 0
6.412 0
6.42 0
6.428 0
6.436 0
6.444 0
6.452 0
6.46 0
6.468 0
6.476 0
6.484 0
6.492 0
6.5 0
6.508 0
6.516 0
6.524 0
6.532 0
6.54 0
6.548 0
6.556 0
6.564 0
6.572 0
6.58 0
6.588 0
6.596 0
6.604 0
6.612 1
6.62 0
6.628 1
6.636 0
6.644 1
6.652 1
6.66 0
6.668 1
6.676 0
6.684 0
6.692 0
6.7 0
6.708 0
6.716 0
6.724 0
6.732 0
6.74 0
6.748 0
6.756 0
6.764 0
6.772 0
6.78 0
6.788 0
6.796 0
6.804 0
6.812 0
6.82 0
6.828 0
6.836 0
6.844 0
6.852 0
6.86 0
6.868 0
6.876 0
6.884 0
6.892 0
6.9 0
6.908 0
6.916 0
6.924 0
6.932 0
6.94 0
6.948 0
6.956 0
6.964 0
6.972 1
6.98 0
6.988 0
6.996 1
7.004 0
7.012 0
7.02 0
7.028 0
7.036 1
7.044 0
7.052 0
7.06 0
7.068 1
7.076 0
7.084 0
7.092 1
7.1 0
7.108 0
7.116 0
7.124 0
7.132 0
7.14 0
7.148 0
7.156 0
7.164 0
7.172 0
7.18 0
7.188 0
7.196 0
7.204 0
7.212 0
7.22 0
7.228 0
7.236 1
7.244 0
7.252 0
7.26 0
7.268 0
7.276 0
7.284 0
7.292 0
7.3 0
7.308 0
7.316 0
7.324 0
7.332 0
7.34 1
7.348 0
7.356 1
7.364 0
7.372 0
7.38 1
7.388 0
7.396 0
7.404 0
7.412 0
7.42 1
7.428 0
7.436 0
7.444 1
7.452 0
7.46 0
7.468 0
7.476 0
7.484 1
7.492 1
7.5 1
7.508 0
7.516 2
7.524 0
7.532 3
7.54 3
7.548 1
7.556 1
7.564 7
7.572 5
7.58 5
7.588 4
7.596 4
7.604 5
7.612 13
7.62 6
7.628 5
7.636 5
7.644 12
7.652 14
7.66 13
7.668 14
7.676 11
7.684 15
7.692 16
7.7 11
7.708 11
7.716 22
7.724 19
7.732 18
7.74 30
7.748 24
7.756 17
7.764 24
7.772 36
7.78 25
7.788 31
7.796 17
7.804 28
7.812 24
7.82 31
7.828 24
7.836 33
7.844 27
7.852 37
7.86 27
7.868 28
7.876 25
7.884 23
7.892 23
7.9 39
7.908 22
7.916 27
7.924 39
7.932 23
7.94 33
7.948 28
7.956 34
7.964 32
7.972 32
7.98 28
7.988 30
