-0.004 0
0.004 18
0.012 17
0.02 9
0.028 15
0.036 14
0.044 12
0.052 12
0.06 16
0.068 16
0.076 12
0.084 14
0.092 15
0.1 6
0.108 14
0.116 10
0.124 11
0.132 8
0.14 11
0.148 10
0.156 6
0.164 13
0.172 9
0.18 8
0.188 8
0.196 12
0.204 8
0.212 11
0.22 5
0.228 6
0.236 5
0.244 4
0.252 7
0.26 3
0.268 2
0.276 3
0.284 3
0.292 2
0.3 4
0.308 6
0.316 5
0.324 3
0.332 2
0.34 3
0.348 2
0.356 4
0.364 2
0.372 4
0.38 2
0.388 4
0.396 2
0.404 0
0.412 3
0.42 2
0.428 5
0.436 1
0.444 5
0.452 8
0.46 4
0.468 6
0.476 9
0.484 14
0.492 15
0.5 19
0.508 36
0.516 41
0.524 48
0.532 58
0.54 68
0.548 99
0.556 105
0.564 114
0.572 156
0.58 187
0.588 219
0.596 224
0.604 300
0.612 381
0.62 439
0.628 455
0.636 499
0.644 612
0.652 712
0.66 751
0.668 869
0.676 918
0.684 1055
0.692 1097
0.7 1219
0.708 1347
0.716 1419
0.724 1558
0.732 1611
0.74 1817
0.748 1921
0.756 2177
0.764 2262
0.772 2326
0.78 2514
0.788 2762
0.796 2948
0.804 3105
0.812 3108
0.82 3288
0.828 3398
0.836 3443
0.844 3622
0.852 3663
0.86 3562
0.868 3651
0.876 3682
0.884 3763
0.892 3691
0.9 3790
0.908 3745
0.916 3738
0.924 3770
0.932 3652
0.94 3597
0.948 3570
0.956 3511
0.964 3434
0.972 3308
0.98 3211
0.988 3054
0.996 3028
1.004 3027
1.012 2863
1.02 2953
1.028 2646
1.036 2600
1.044 2486
1.052 2508
1.06 2282
1.068 2370
1.076 2123
1.084 2095
1.092 2100
1.1 1998
1.108 1831
1.116 1887
1.124 1762
1.132 1670
1.14 1658
1.148 1647
1.156 1541
1.164 1554
1.172 1457
1.18 1435
1.188 1362
1.196 1299
1.204 1216
1.212 1257
1.22 1264
1.228 1191
1.236 1127
1.244 1173
1.252 1160
1.26 1177
1.268 1077
1.276 1109
1.284 1109
1.292 1124
1.3 1033
1.308 1090
1.316 1061
1.324 1069
1.332 1019
1.34 1016
1.348 944
1.356 981
1.364 1001
1.372 944
1.38 931
1.388 861
1.396 927
1.404 855
1.412 828
1.42 834
1.428 816
1.436 762
1.444 748
1.452 733
1.46 702
1.468 762
1.476 727
1.484 678
1.492 662
1.5 665
1.508 639
1.516 615
1.524 618
1.532 554
1.54 536
1.548 541
1.556 481
1.564 493
1.572 442
1.58 471
1.588 444
1.596 432
1.604 422
1.612 416
1.62 426
1.628 392
1.636 383
1.644 384
1.652 334
1.66 365
1.668 294
1.676 309
1.684 281
1.692 301
1.7 271
1.708 273
1.716 267
1.724 269
1.732 237
1.74 252
1.748 266
1.756 232
1.764 242
1.772 216
1.78 231
1.788 199
1.796 210
1.804 222
1.812 199
1.82 199
1.828 182
1.836 193
1.844 209
1.852 182
1.86 170
1.868 191
1.876 227
1.884 188
1.892 173
1.9 178
1.908 178
1.916 186
1.924 157
1.932 180
1.94 165
1.948 180
1.956 151
1.964 165
1.972 148
1.98 128
1.988 151
1.996 131
2.004 121
2.012 150
2.02 127
2.028 129
2.036 114
2.044 132
2.052 112
2.06 116
2.068 111
2.076 110
2.084 104
2.092 98
2.1 101
2.108 81
2.116 84
2.124 92
2.132 60
2.14 81
2.148 101
2.156 84
2.164 60
2.172 93
2.18 69
2.188 74
2.196 52
2.204 62
2.212 57
2.22 62
2.228 48
2.236 62
2.244 54
2.252 66
2.26 51
2.268 47
2.276 55
2.284 55
2.292 51
2.3 47
2.308 54
2.316 48
2.324 59
2.332 42
2.34 42
2.348 43
2.356 48
2.364 40
2.372 34
2.38 42
2.388 44
2.396 31
2.404 39
2.412 39
2.42 40
2.428 28
2.436 36
2.444 27
2.452 24
2.46 31
2.468 33
2.476 17
2.484 25
2.492 27
2.5 30
2.508 32
2.516 23
2.524 20
2.532 30
2.54 17
2.548 20
2.556 18
2.564 25
2.572 24
2.58 19
2.588 20
2.596 21
2.604 18
2.612 17
2.62 14
2.628 19
2.636 12
2.644 14
2.652 7
2.66 14
2.668 16
2.676 21
2.684 12
2.692 13
2.7 14
2.708 15
2.716 17
2.724 9
2.732 17
2.74 9
2.748 14
2.756 8
2.764 10
2.772 5
2.78 12
2.788 6
2.796 13
2.804 12
2.812 6
2.82 11
2.828 10
2.836 5
2.844 3
2.852 12
2.86 8
2.868 4
2.876 6
2.884 9
2.892 5
2.9 7
2.908 8
2.916 10
2.924 10
2.932 4
2.94 7
2.948 4
2.956 12
2.964 6
2.972 2
2.98 5
2.988 7
2.996 3
3.004 4
3.012 5
3.02 6
3.028 3
3.036 6
3.044 1
3.052 4
3.06 3
3.068 4
3.076 6
3.084 6
3.092 4
3.1 1
3.108 4
3.116 4
3.124 7
3.132 2
3.14 4
3.148 5
3.156 2
3.164 1
3.172 7
3.18 2
3.188 1
3.196 4
3.204 1
3.212 3
3.22 0
3.228 4
3.236 1
3.244 4
3.252 0
3.26 3
3.268 4
3.276 0
3.284 1
3.292 1
3.3 0
3.308 1
3.316 1
3.324 1
3.332 1
3.34 4
3.348 3
3.356 2
3.364 0
3.372 2
3.38 0
3.388 2
3.396 2
3.404 3
3.412 0
3.42 1
3.428 0
3.436 0
3.444 0
3.452 1
3.46 1
3.468 2
3.476 0
3.484 2
3.492 0
3.5 0
3.508 2
3.516 1
3.524 1
3.532 0
3.54 0
3.548 0
3.556 0
3.564 0
3.572 1
3.58 1
3.588 0
3.596 0
3.604 1
3.612 1
3.62 0
3.628 2
3.636 0
3.644 0
3.652 0
3.66 0
3.668 0
3.676 0
3.684 1
3.692 0
3.7 0
3.708 1
3.716 0
3.724 0
3.732 0
3.74 0
3.748 1
3.756 0
3.764 0
3.772 0
3.78 1
3.788 0
3.796 0
3.804 0
3.812 0
3.82 0
3.828 0
3.836 0
3.844 0
3.852 1
3.86 0
3.868 0
3.876 0
3.884 0
3.892 0
3.9 0
3.908 0
3.916 1
3.924 0
3.932 0
3.94 0
3.948 0
3.956 0
3.964 0
3.972 0
3.98 0
3.988 0
3.996 0
4.004 0
4.012 1
4.02 0
4.028 0
4.036 0
4.044 0
4.052 0
4.06 0
4.068 0
4.076 1
4.084 0
4.092 0
4.1 0
4.108 0
4.116 0
4.124 0
4.132 0
4.14 0
4.148 0
4.156 0
4.164 0
4.172 0
4.18 0
4.188 0
4.196 0
4.204 0
4.212 0
4.22 0
4.228 0
4.236 0
4.244 0
4.252 1
4.26 0
4.268 0
4.276 0
4.284 0
4.292 0
4.3 1
4.308 0
4.316 0
4.324 0
4.332 0
4.34 0
4.348 0
4.356 0
4.364 0
4.372 0
4.38 0
4.388 0
4.396 0
4.404 0
4.412 0
4.42 0
4.428 0
4.436 0
4.444 0
4.452 0
4.46 0
4.468 0
4.476 0
4.484 0
4.492 1
4.5 0
4.508 0
4.516 0
4.524 0
4.532 0
4.54 0
4.548 0
4.556 0
4.564 0
4.572 0
4.58 0
4.588 0
4.596 0
4.604 0
4.612 0
4.62 0
4.628 0
4.636 0
4.644 0
4.652 0
4.66 0
4.668 0
4.676 0
4.684 0
4.692 1
4.7 0
4.708 0
4.716 0
4.724 0
4.732 0
4.74 1
4.748 0
4.756 0
4.764 0
4.772 0
4.78 0
4.788 0
4.796 0
4.804 0
4.812 0
4.82 0
4.828 0
4.836 0
4.844 0
4.852 0
4.86 0
4.868 0
4.876 0
4.884 0
4.892 0
4.9 0
4.908 0
4.916 0
4.924 0
4.932 0
4.94 0
4.948 0
4.956 0
4.964 1
4.972 0
4.98 0
4.988 0
4.996 0
5.004 0
5.012 0
5.02 1
5.028 0
5.036 0
5.044 0
5.052 0
5.06 0
5.068 0
5.076 0
5.084 1
5.092 0
5.1 0
5.108 0
5.116 1
5.124 0
5.132 0
5.14 0
5.148 0
5.156 0
5.164 0
5.172 0
5.18 0
5.188 0
5.196 0
5.204 0
5.212 0
5.22 0
5.228 0
5.236 0
5.244 0
5.252 0
5.26 0
5.268 0
5.276 1
5.284 0
5.292 0
5.3 0
5.308 0
5.316 0
5.324 1
5.332 0
5.34 0
5.348 0
5.356 0
5.364 0
5.372 0
5.38 0
5.388 0
5.396 0
5.404 0
5.412 0
5.42 0
5.428 0
5.436 0
5.444 0
5.452 0
5.46 0
5.468 0
5.476 0
5.484 0
5.492 0
5.5 0
5.508 0
5.516 0
5.524 0
5.532 0
5.54 0
5.548 0
5.556 0
5.564 0
5.572 0
5.58 0
5.588 0
5.596 0
5.604 0
5.612 1
5.62 0
5.628 0
5.636 0
5.644 0
5.652 1
5.66 0
5.668 0
5.676 0
5.684 0
5.692 0
5.7 0
5.708 0
5.716 1
5.724 0
5.732 1
5.74 0
5.748 0
5.756 0
5.764 0
5.772 0
5.78 0
5.788 0
5.796 0
5.804 0
5.812 0
5.82 0
5.828 0
5.836 0
5.844 0
5.852 1
5.86 0
5.868 1
5.876 0
5.884 0
5.892 0
5.9 0
5.908 0
5.916 0
5.924 0
5.932 0
5.94 0
5.948 0
5.956 0
5.964 0
5.972 0
5.98 0
5.988 0
5.996 0
6.004 0
6.012 0
6.02 0
6.028 1
6.036 0
6.044 0
6.052 0
6.06 0
6.068 0
6.076 0
6.084 1
6.092 0
6.1 0
6.108 0
6.116 0
6.124 0
6.132 0
6.14 0
6.148 0
6.156 0
6.164 0
6.172 0
6.18 0
6.188 0
6.196 0
6.204 0
6.212 0
6.22 0
6.228 0
6.236 0
6.244 0
6.252 0
6.26 1
6.268 0
6.276 0
6.284 0
6.292 1
6.3 0
6.308 0
6.316 0
6.324 0
6.332 0
6.34 0
6.348 0
6.356 0
6.364 1
6.372 0
6.38 0
6.388 0
6.396 0
6.404 0
6.412 0
6.42 0
6.428 0
6.436 0
6.444 0
6.452 0
6.46 0
6.468 0
6.476 0
6.484 0
6.492 0
6.5 0
6.508 0
6.516 0
6.524 0
6.532 0
6.54 0
6.548 0
6.556 0
6.564 0
6.572 0
6.58 0
6.588 0
6.596 0
6.604 0
6.612 1
6.62 0
6.628 0
6.636 0
6.644 0
6.652 0
6.66 0
6.668 1
6.676 0
6.684 0
6.692 0
6.7 0
6.708 0
6.716 0
6.724 0
6.732 0
6.74 0
6.748 0
6.756 0
6.764 0
6.772 0
6.78 0
6.788 0
6.796 0
6.804 0
6.812 0
6.82 0
6.828 0
6.836 0
6.844 0
6.852 0
6.86 0
6.868 0
6.876 0
6.884 0
6.892 0
6.9 0
6.908 0
6.916 0
6.924 0
6.932 0
6.94 0
6.948 0
6.956 0
6.964 0
6.972 0
6.98 0
6.988 0
6.996 1
7.004 0
7.012 0
7.02 0
7.028 0
7.036 1
7.044 0
7.052 0
7.06 0
7.068 0
7.076 0
7.084 0
7.092 0
7.1 0
7.108 0
7.116 0
7.124 0
7.132 0
7.14 0
7.148 0
7.156 0
7.164 0
7.172 0
7.18 0
7.188 0
7.196 0
7.204 0
7.212 0
7.22 0
7.228 0
7.236 1
7.244 0
7.252 0
7.26 0
7.268 0
7.276 0
7.284 0
7.292 0
7.3 0
7.308 0
7.316 0
7.324 0
7.332 0
7.34 1
7.348 0
7.356 1
7.364 0
7.372 0
7.38 0
7.388 0
7.396 0
7.404 0
7.412 0
7.42 0
7.428 0
7.436 0
7.444 0
7.452 0
7.46 0
7.468 0
7.476 0
7.484 0
7.492 0
7.5 0
7.508 0
7.516 0
7.524 0
7.532 1
7.54 1
7.548 0
7.556 0
7.564 2
7.572 1
7.58 0
7.588 0
7.596 2
7.604 1
7.612 6
7.62 1
7.628 1
7.636 2
7.644 3
7.652 4
7.66 2
7.668 8
7.676 3
7.684 7
7.692 4
7.7 4
7.708 4
7.716 7
7.724 8
7.732 6
7.74 10
7.748 10
7.756 7
7.764 11
7.772 14
7.78 9
7.788 7
7.796 8
7.804 17
7.812 7
7.82 10
7.828 9
7.836 17
7.844 14
7.852 13
7.86 11
7.868 13
7.876 14
7.884 10
7.892 11
7.9 14
7.908 9
7.916 11
7.924 17
7.932 12
7.94 14
7.948 10
7.956 15
7.964 16
7.972 11
7.98 12
7.988 15
