-0.004 0
0.004 39
0.012 26
0.02 38
0.028 39
0.036 23
0.044 31
0.052 37
0.06 32
0.068 25
0.076 28
0.084 35
0.092 18
0.1 35
0.108 32
0.116 22
0.124 21
0.132 23
0.14 23
0.148 23
0.156 22
0.164 15
0.172 21
0.18 23
0.188 19
0.196 14
0.204 15
0.212 15
0.22 13
0.228 12
0.236 17
0.244 16
0.252 13
0.26 12
0.268 15
0.276 9
0.284 8
0.292 5
0.3 10
0.308 4
0.316 3
0.324 6
0.332 7
0.34 4
0.348 3
0.356 7
0.364 4
0.372 5
0.38 1
0.388 5
0.396 4
0.404 5
0.412 9
0.42 7
0.428 4
0.436 8
0.444 5
0.452 5
0.46 11
0.468 6
0.476 10
0.484 19
0.492 23
0.5 25
0.508 36
0.516 45
0.524 53
0.532 85
0.54 88
0.548 108
0.556 163
0.564 211
0.572 254
0.58 309
0.588 338
0.596 432
0.604 499
0.612 551
0.62 734
0.628 781
0.636 917
0.644 1067
0.652 1204
0.66 1347
0.668 1505
0.676 1620
0.684 1888
0.692 1947
0.7 2245
0.708 2370
0.716 2488
0.724 2713
0.732 2859
0.74 3013
0.748 3204
0.756 3288
0.764 3519
0.772 3617
0.78 3906
0.788 3995
0.796 4154
0.804 4231
0.812 4295
0.82 4600
0.828 4708
0.836 4829
0.844 5075
0.852 5230
0.86 5417
0.868 5526
0.876 5703
0.884 5882
0.892 5827
0.9 6177
0.908 5986
0.916 6071
0.924 6182
0.932 6041
0.94 6033
0.948 6050
0.956 6046
0.964 6002
0.972 6159
0.98 5949
0.988 5862
0.996 5784
1.004 5904
1.012 5732
1.02 5673
1.028 5701
1.036 5522
1.044 5455
1.052 5375
1.06 5248
1.068 5117
1.076 4933
1.084 4863
1.092 4780
1.1 4666
1.108 4468
1.116 4307
1.124 4161
1.132 4127
1.14 3975
1.148 4024
1.156 3858
1.164 3708
1.172 3504
1.18 3400
1.188 3337
1.196 3254
1.204 3115
1.212 3076
1.22 2902
1.228 2756
1.236 2667
1.244 2665
1.252 2608
1.26 2451
1.268 2408
1.276 2237
1.284 2235
1.292 2166
1.3 2172
1.308 2055
1.316 2027
1.324 2043
1.332 1960
1.34 1837
1.348 1825
1.356 1821
1.364 1762
1.372 1698
1.38 1695
1.388 1625
1.396 1565
1.404 1575
1.412 1584
1.42 1536
1.428 1531
1.436 1549
1.444 1472
1.452 1359
1.46 1409
1.468 1279
1.476 1296
1.484 1219
1.492 1248
1.5 1214
1.508 1213
1.516 1200
1.524 1139
1.532 1113
1.54 1120
1.548 1115
1.556 1022
1.564 984
1.572 990
1.58 959
1.588 919
1.596 964
1.604 847
1.612 861
1.62 824
1.628 870
1.636 790
1.644 814
1.652 783
1.66 743
1.668 766
1.676 731
1.684 672
1.692 673
1.7 588
1.708 647
1.716 591
1.724 593
1.732 597
1.74 550
1.748 556
1.756 566
1.764 513
1.772 496
1.78 494
1.788 495
1.796 485
1.804 449
1.812 445
1.82 426
1.828 408
1.836 427
1.844 423
1.852 399
1.86 381
1.868 381
1.876 367
1.884 374
1.892 337
1.9 360
1.908 366
1.916 308
1.924 316
1.932 302
1.94 294
1.948 304
1.956 273
1.964 303
1.972 275
1.98 268
1.988 268
1.996 272
2.004 249
2.012 223
2.02 235
2.028 226
2.036 237
2.044 223
2.052 203
2.06 229
2.068 220
2.076 217
2.084 224
2.092 203
2.1 215
2.108 186
2.116 192
2.124 203
2.132 192
2.14 197
2.148 213
2.156 195
2.164 195
2.172 191
2.18 206
2.188 172
2.196 200
2.204 182
2.212 184
2.22 164
2.228 169
2.236 153
2.244 153
2.252 151
2.26 155
2.268 145
2.276 159
2.284 170
2.292 165
2.3 143
2.308 152
2.316 121
2.324 138
2.332 123
2.34 126
2.348 125
2.356 130
2.364 153
2.372 124
2.38 123
2.388 126
2.396 125
2.404 119
2.412 98
2.42 92
2.428 107
2.436 92
2.444 112
2.452 87
2.46 89
2.468 102
2.476 88
2.484 96
2.492 70
2.5 88
2.508 77
2.516 87
2.524 76
2.532 89
2.54 75
2.548 75
2.556 73
2.564 69
2.572 55
2.58 66
2.588 65
2.596 63
2.604 76
2.612 58
2.62 54
2.628 65
2.636 43
2.644 60
2.652 41
2.66 56
2.668 52
2.676 45
2.684 44
2.692 50
2.7 48
2.708 50
2.716 52
2.724 49
2.732 38
2.74 28
2.748 44
2.756 29
2.764 41
2.772 36
2.78 40
2.788 47
2.796 30
2.804 41
2.812 36
2.82 34
2.828 31
2.836 39
2.844 25
2.852 31
2.86 29
2.868 31
2.876 35
2.884 20
2.892 33
2.9 32
2.908 29
2.916 22
2.924 25
2.932 27
2.94 18
2.948 18
2.956 23
2.964 23
2.972 16
2.98 21
2.988 27
2.996 25
3.004 12
3.012 25
3.02 23
3.028 17
3.036 17
3.044 21
3.052 14
3.06 21
3.068 17
3.076 21
3.084 23
3.092 31
3.1 20
3.108 24
3.116 18
3.124 19
3.132 15
3.14 12
3.148 16
3.156 14
3.164 11
3.172 10
3.18 9
3.188 12
3.196 13
3.204 10
3.212 8
3.22 15
3.228 17
3.236 13
3.244 12
3.252 10
3.26 7
3.268 12
3.276 9
3.284 13
3.292 13
3.3 5
3.308 10
3.316 12
3.324 10
3.332 3
3.34 8
3.348 9
3.356 10
3.364 7
3.372 4
3.38 7
3.388 7
3.396 8
3.404 9
3.412 15
3.42 5
3.428 7
3.436 5
3.444 3
3.452 3
3.46 2
3.468 5
3.476 3
3.484 8
3.492 7
3.5 4
3.508 4
3.516 5
3.524 3
3.532 3
3.54 4
3.548 5
3.556 6
3.564 3
3.572 2
3.58 4
3.588 6
3.596 2
3.604 4
3.612 4
3.62 5
3.628 2
3.636 1
3.644 7
3.652 5
3.66 1
3.668 2
3.676 0
3.684 3
3.692 0
3.7 7
3.708 3
3.716 2
3.724 2
3.732 1
3.74 1
3.748 4
3.756 2
3.764 2
3.772 3
3.78 0
3.788 2
3.796 0
3.804 3
3.812 4
3.82 3
3.828 2
3.836 2
3.844 3
3.852 4
3.86 2
3.868 2
3.876 0
3.884 3
3.892 0
3.9 1
3.908 1
3.916 1
3.924 2
3.932 5
3.94 1
3.948 1
3.956 2
3.964 0
3.972 1
3.98 0
3.988 1
3.996 0
4.004 3
4.012 6
4.02 2
4.028 1
4.036 2
4.044 1
4.052 2
4.06 3
4.068 2
4.076 2
4.084 0
4.092 1
4.1 0
4.108 1
4.116 2
4.124 1
4.132 0
4.14 0
4.148 2
4.156 1
4.164 1
4.172 2
4.18 1
4.188 2
4.196 1
4.204 2
4.212 0
4.22 0
4.228 0
4.236 0
4.244 1
4.252 0
4.26 2
4.268 0
4.276 0
4.284 1
4.292 3
4.3 1
4.308 0
4.316 1
4.324 1
4.332 1
4.34 1
4.348 0
4.356 0
4.364 1
4.372 1
4.38 0
4.388 0
4.396 1
4.404 1
4.412 0
4.42 1
4.428 0
4.436 1
4.444 1
4.452 0
4.46 0
4.468 0
4.476 1
4.484 0
4.492 0
4.5 0
4.508 1
4.516 1
4.524 1
4.532 0
4.54 0
4.548 0
4.556 2
4.564 1
4.572 0
4.58 0
4.588 0
4.596 1
4.604 0
4.612 0
4.62 0
4.628 0
4.636 0
4.644 0
4.652 0
4.66 1
4.668 0
4.676 0
4.684 0
4.692 0
4.7 0
4.708 0
4.716 0
4.724 0
4.732 0
4.74 0
4.748 0
4.756 0
4.764 0
4.772 0
4.78 0
4.788 1
4.796 2
4.804 0
4.812 2
4.82 0
4.828 0
4.836 0
4.844 0
4.852 0
4.86 0
4.868 0
4.876 1
4.884 0
4.892 0
4.9 1
4.908 1
4.916 0
4.924 0
4.932 0
4.94 0
4.948 0
4.956 1
4.964 0
4.972 0
4.98 0
4.988 0
4.996 0
5.004 1
5.012 1
5.02 1
5.028 0
5.036 1
5.044 0
5.052 0
5.06 0
5.068 0
5.076 0
5.084 0
5.092 0
5.1 0
5.108 0
5.116 0
5.124 0
5.132 0
5.14 0
5.148 0
5.156 1
5.164 1
5.172 0
5.18 1
5.188 1
5.196 0
5.204 0
5.212 1
5.22 2
5.228 1
5.236 0
5.244 0
5.252 0
5.26 0
5.268 0
5.276 0
5.284 0
5.292 0
5.3 0
5.308 0
5.316 0
5.324 0
5.332 0
5.34 2
5.348 2
5.356 0
5.364 0
5.372 0
5.38 0
5.388 0
5.396 0
5.404 0
5.412 0
5.42 0
5.428 0
5.436 0
5.444 0
5.452 0
5.46 0
5.468 0
5.476 0
5.484 0
5.492 0
5.5 0
5.508 0
5.516 0
5.524 1
5.532 1
5.54 0
5.548 0
5.556 0
5.564 0
5.572 0
5.58 0
5.588 0
5.596 0
5.604 1
5.612 0
5.62 0
5.628 0
5.636 0
5.644 0
5.652 0
5.66 0
5.668 0
5.676 0
5.684 1
5.692 0
5.7 0
5.708 0
5.716 0
5.724 0
5.732 1
5.74 0
5.748 0
5.756 0
5.764 0
5.772 1
5.78 0
5.788 0
5.796 0
5.804 0
5.812 0
5.82 0
5.828 0
5.836 0
5.844 0
5.852 1
5.86 1
5.868 0
5.876 1
5.884 0
5.892 0
5.9 0
5.908 1
5.916 0
5.924 0
5.932 0
5.94 2
5.948 0
5.956 0
5.964 0
5.972 0
5.98 0
5.988 0
5.996 0
6.004 0
6.012 0
6.02 0
6.028 0
6.036 0
6.044 0
6.052 0
6.06 0
6.068 1
6.076 0
6.084 1
6.092 0
6.1 0
6.108 1
6.116 1
6.124 0
6.132 0
6.14 1
6.148 1
6.156 2
6.164 1
6.172 0
6.18 0
6.188 0
6.196 0
6.204 0
6.212 0
6.22 0
6.228 0
6.236 1
6.244 0
6.252 1
6.26 0
6.268 0
6.276 0
6.284 1
6.292 1
6.3 0
6.308 1
6.316 0
6.324 0
6.332 0
6.34 1
6.348 1
6.356 0
6.364 1
6.372 0
6.38 0
6.388 0
6.396 0
6.404 0
6.412 0
6.42 0
6.428 0
6.436 0
6.444 1
6.452 0
6.46 0
6.468 0
6.476 1
6.484 0
6.492 0
6.5 1
6.508 0
6.516 0
6.524 0
6.532 1
6.54 0
6.548 0
6.556 0
6.564 0
6.572 0
6.58 1
6.588 0
6.596 0
6.604 0
6.612 0
6.62 0
6.628 0
6.636 0
6.644 0
6.652 0
6.66 1
6.668 0
6.676 0
6.684 0
6.692 0
6.7 1
6.708 0
6.716 0
6.724 0
6.732 0
6.74 0
6.748 0
6.756 0
6.764 0
6.772 0
6.78 0
6.788 0
6.796 0
6.804 0
6.812 1
6.82 0
6.828 0
6.836 0
6.844 0
6.852 0
6.86 0
6.868 0
6.876 0
6.884 0
6.892 0
6.9 0
6.908 0
6.916 0
6.924 3
6.932 1
6.94 0
6.948 0
6.956 1
6.964 0
6.972 1
6.98 0
6.988 2
6.996 1
7.004 0
7.012 0
7.02 1
7.028 0
7.036 0
7.044 0
7.052 0
7.06 0
7.068 1
7.076 0
7.084 1
7.092 0
7.1 0
7.108 1
7.116 0
7.124 0
7.132 0
7.14 0
7.148 0
7.156 0
7.164 0
7.172 0
7.18 0
7.188 0
7.196 0
7.204 0
7.212 0
7.22 1
7.228 0
7.236 0
7.244 0
7.252 0
7.26 0
7.268 1
7.276 0
7.284 0
7.292 0
7.3 0
7.308 0
7.316 0
7.324 0
7.332 0
7.34 0
7.348 0
7.356 0
7.364 0
7.372 0
7.38 0
7.388 0
7.396 0
7.404 0
7.412 0
7.42 1
7.428 0
7.436 0
7.444 0
7.452 0
7.46 1
7.468 0
7.476 0
7.484 0
7.492 0
7.5 1
7.508 1
7.516 1
7.524 0
7.532 3
7.54 2
7.548 2
7.556 1
7.564 0
7.572 0
7.58 4
7.588 4
7.596 3
7.604 2
7.612 2
7.62 5
7.628 1
7.636 5
7.644 3
7.652 6
7.66 4
7.668 11
7.676 6
7.684 16
7.692 12
7.7 10
7.708 11
7.716 15
7.724 12
7.732 18
7.74 14
7.748 21
7.756 22
7.764 18
7.772 20
7.78 21
7.788 28
7.796 27
7.804 23
7.812 27
7.82 32
7.828 28
7.836 25
7.844 33
7.852 25
7.86 28
7.868 19
7.876 25
7.884 40
7.892 29
7.9 28
7.908 30
7.916 35
7.924 35
7.932 35
7.94 25
7.948 42
7.956 36
7.964 26
7.972 38
7.98 27
7.988 33
